-0.453 -0.000 0.474 7.859
0.166 -0.419 0.773 13.978
0.051 0.013 -0.098 4.999
-0.013 0.109 -0.052 2.388
0.241 0.384 0.885 3.901
-0.002 -0.160 -0.137 4.702
-0.010 0.453 0.581 13.378
0.083 -0.030 -0.038 2.167
0.147 0.081 -0.155 2.297
0.048 0.449 0.672 13.985
-0.057 0.151 -0.146 2.732
-0.357 -0.273 0.814 10.710
0.007 0.096 -0.011 2.300
-0.152 -0.129 -0.252 3.384
-0.092 -0.225 -0.232 9.871
0.137 -0.431 0.670 6.877
-0.105 -0.039 0.004 3.258
-0.452 -0.006 0.750 10.471
-0.015 -0.052 0.592 8.185
0.120 0.439 0.598 7.905
0.118 -0.050 0.154 4.922
0.006 -0.063 0.285 5.702
-0.100 -0.017 -0.019 2.785
-0.350 -0.282 0.637 12.579
-0.435 0.124 0.887 5.504
0.010 -0.169 -0.165 9.335
-0.280 -0.351 0.700 12.678
0.111 0.064 0.158 4.775
0.445 -0.085 0.663 10.613
-0.282 0.351 0.856 7.549
0.160 -0.422 0.656 9.198
-0.048 -0.115 0.081 4.205
0.243 -0.382 0.496 6.473
-0.124 0.018 -0.252 3.005
0.365 -0.267 0.590 6.628
0.054 -0.447 0.818 2.817
-0.005 -0.017 0.072 3.972
-0.061 -0.123 -0.252 2.852
0.087 0.033 -0.252 3.983
-0.280 -0.352 0.592 12.950
0.102 0.442 0.886 4.527
0.001 0.018 -0.182 6.886
-0.266 0.362 0.835 12.177
-0.223 0.071 -0.229 4.405
0.105 0.441 0.574 15.678
-0.049 0.015 0.151 3.287
-0.116 0.219 -0.234 8.554
0.017 -0.107 -0.052 1.422
-0.088 0.095 0.099 3.751
-0.451 0.013 0.728 10.458
-0.153 0.054 -0.252 2.658
0.189 0.040 -0.198 4.060
-0.446 0.051 0.890 8.940
-0.127 0.038 0.121 5.577
-0.150 -0.044 -0.092 3.415
-0.244 0.380 0.770 3.713
0.084 0.069 0.223 6.772
-0.016 -0.099 0.226 5.691
0.041 -0.119 0.130 4.180
0.173 0.417 0.528 8.352
-0.332 -0.305 0.639 10.399
-0.086 -0.085 -0.252 4.993
0.023 -0.082 0.102 1.887
-0.004 0.117 0.044 2.565
-0.132 0.432 0.731 12.275
-0.426 0.144 0.541 6.083
0.050 0.151 -0.111 2.819
-0.124 0.129 -0.252 2.635
0.455 0.005 0.525 9.189
0.244 -0.381 0.589 7.215
-0.168 0.089 -0.199 2.824
0.019 0.452 0.817 10.642
0.109 -0.138 -0.070 1.961
-0.318 -0.323 0.481 7.761
-0.450 -0.018 0.712 15.683
-0.044 0.051 0.177 2.696
0.071 -0.093 0.191 4.828
-0.069 0.158 -0.174 3.262
-0.241 -0.381 0.890 5.791
-0.422 -0.155 0.887 7.080
-0.125 -0.155 -0.208 2.600
-0.449 -0.030 0.766 4.971
0.032 -0.086 -0.014 1.687
0.197 0.407 0.752 14.063
-0.019 -0.451 0.727 5.236
0.206 0.015 -0.211 3.004
0.258 -0.371 0.677 11.378
0.358 -0.276 0.732 6.705
-0.160 -0.187 -0.262 6.794
-0.035 -0.111 0.034 3.446
0.447 -0.064 0.728 6.570
-0.072 0.445 0.696 7.577
0.181 -0.170 -0.262 7.977
0.189 -0.410 0.756 10.900
-0.022 0.040 -0.101 3.730
-0.423 0.152 0.513 9.412
0.157 -0.192 -0.262 6.281
0.005 0.082 0.114 2.393
-0.199 0.087 -0.221 3.934
0.378 -0.249 0.631 9.638
0.450 -0.047 0.687 8.622
0.442 0.106 0.474 5.938
0.399 0.218 0.703 11.755
0.010 0.098 0.234 5.549
-0.095 -0.124 -0.053 3.032
-0.389 0.232 0.790 8.818
-0.032 0.238 -0.230 4.717
0.414 0.182 0.473 7.722
-0.445 0.059 0.785 14.102
-0.149 0.050 -0.131 4.447
-0.290 0.345 0.705 9.253
-0.229 0.089 -0.262 9.175
-0.288 -0.345 0.671 11.128
-0.091 0.091 0.137 7.074
0.005 0.454 0.883 5.114
-0.100 -0.441 0.726 7.324
0.026 -0.451 0.885 6.537
0.044 -0.115 0.162 4.682
-0.037 0.450 0.569 10.218
-0.447 0.045 0.810 15.457
-0.066 -0.029 0.204 2.329
0.030 0.047 0.591 11.058
-0.044 -0.448 0.885 9.063
-0.447 -0.044 0.605 16.591
-0.123 -0.436 0.619 8.093
0.092 0.231 -0.235 3.716
0.455 -0.005 0.856 5.856
0.008 0.110 0.207 5.896
-0.145 -0.084 -0.164 3.910
0.352 -0.283 0.560 10.261
-0.411 0.182 0.632 5.454
0.264 -0.366 0.514 5.996
-0.349 0.284 0.704 12.038
-0.115 0.063 0.137 6.972
0.023 -0.047 -0.097 4.996
0.453 0.023 0.823 7.584
-0.013 0.016 0.565 8.831
-0.092 0.086 0.169 9.589
-0.319 -0.322 0.762 11.572
-0.075 0.063 0.248 3.688
0.287 0.349 0.502 5.164
-0.381 -0.242 0.473 7.357
0.020 -0.046 0.581 10.049
-0.438 -0.113 0.687 7.692
0.079 -0.444 0.712 7.891
0.051 0.030 0.016 2.473
-0.003 0.051 0.585 8.513
0.152 -0.074 -0.160 3.104
0.094 -0.074 0.035 2.539
-0.120 0.217 -0.262 8.087
-0.066 -0.098 0.031 3.111
-0.353 0.278 0.495 4.871
0.233 0.391 0.475 7.516
-0.217 0.397 0.826 8.273
-0.023 0.090 0.122 2.598
-0.060 -0.090 0.000 2.636
-0.184 -0.163 -0.262 8.004
-0.004 0.017 0.066 4.189
0.051 -0.083 0.624 16.692
0.112 0.440 0.796 5.082
0.282 -0.352 0.597 11.165
0.020 -0.041 0.299 4.719
-0.019 0.067 0.273 4.272
0.184 0.087 -0.208 2.692
0.144 -0.077 -0.055 1.919
0.300 0.339 0.535 11.223
0.247 -0.037 -0.233 5.494
0.082 -0.049 -0.252 2.795
-0.373 -0.252 0.500 7.587
0.119 -0.217 -0.232 2.882
0.322 -0.321 0.530 6.935
-0.108 0.185 -0.259 5.883
-0.282 -0.350 0.624 10.979
0.197 0.407 0.833 10.141
0.014 0.453 0.849 4.436
-0.137 0.199 -0.231 5.574
-0.072 -0.103 0.061 4.149
-0.025 0.043 0.663 17.100
0.015 -0.246 -0.262 6.099
-0.168 -0.417 0.473 8.991
0.121 0.051 0.123 4.601
0.177 0.415 0.854 8.444
-0.048 -0.447 0.539 5.386
0.048 -0.078 0.075 2.155
-0.282 0.350 0.679 11.919
0.032 -0.450 0.539 7.586
-0.233 -0.067 -0.262 5.318
-0.259 -0.367 0.686 13.831
-0.086 -0.052 -0.252 2.822
0.094 -0.085 0.069 2.469
0.025 0.113 0.046 3.177
-0.094 -0.083 0.053 2.947
0.387 0.238 0.889 3.876
-0.036 -0.038 0.652 15.996
0.127 0.436 0.473 5.114
-0.015 0.008 0.035 4.283
0.044 -0.033 0.594 8.087
0.034 0.085 -0.015 1.380
-0.284 0.349 0.650 9.192
-0.349 0.284 0.672 15.792
0.175 -0.415 0.475 9.441
-0.409 -0.185 0.694 6.466
-0.026 -0.095 0.624 19.096
0.046 0.044 0.046 1.196
0.282 -0.352 0.693 15.423
0.237 0.388 0.604 10.058
-0.016 -0.119 0.145 4.285
0.146 0.428 0.529 9.753
-0.423 -0.153 0.477 8.191
-0.013 -0.010 -0.047 5.135
0.013 0.121 -0.052 3.042
-0.383 -0.238 0.579 7.107
0.123 0.215 -0.232 5.435
-0.250 -0.374 0.607 10.199
0.122 0.438 0.766 7.132
0.381 -0.245 0.887 16.105
-0.004 -0.453 0.701 4.927
-0.280 -0.352 0.478 6.127
0.336 0.304 0.732 6.528
0.209 -0.401 0.880 5.901
0.030 -0.155 -0.093 3.189
-0.192 0.048 -0.206 3.719
-0.350 0.282 0.531 9.231
0.053 0.213 -0.220 2.724
-0.160 0.026 -0.060 5.303
-0.032 0.155 -0.126 3.357
-0.082 0.233 -0.233 5.826
-0.266 -0.363 0.560 11.598
-0.062 -0.446 0.476 9.896
-0.101 -0.083 0.115 4.601
-0.016 0.001 0.006 4.658
-0.423 0.151 0.888 6.819
0.285 -0.350 0.500 6.004
-0.421 -0.156 0.535 14.545
-0.039 0.015 0.305 4.067
0.115 -0.439 0.582 5.059
-0.272 0.358 0.575 14.680
-0.317 0.323 0.477 4.208
0.156 0.424 0.499 6.461
-0.217 -0.084 -0.228 6.382
0.052 -0.168 -0.176 4.244
-0.184 -0.410 0.585 13.794
0.425 0.154 0.827 6.181
0.368 -0.262 0.800 7.915
0.283 -0.352 0.566 10.934
-0.003 0.246 -0.262 5.358
-0.102 0.150 -0.252 2.881
-0.114 0.108 -0.094 2.322
-0.409 -0.186 0.818 6.254
0.286 -0.349 0.800 9.699
0.452 0.030 0.743 10.998
0.353 0.282 0.631 11.176
0.362 -0.270 0.620 9.709
0.414 -0.181 0.838 6.050
0.018 0.009 0.465 4.389
-0.223 0.395 0.782 7.635
-0.142 -0.428 0.819 6.558
-0.080 -0.443 0.539 4.180
-0.239 -0.060 -0.232 8.674
0.012 -0.056 0.097 2.384
-0.016 0.005 0.244 1.491
-0.451 -0.011 0.681 12.083
0.372 0.257 0.851 4.451
-0.011 0.211 -0.216 2.870
-0.092 0.226 -0.262 9.214
-0.438 0.110 0.857 7.100
-0.080 0.080 0.215 4.529
-0.079 0.198 -0.262 5.182
0.101 -0.115 -0.252 2.408
0.238 -0.386 0.849 3.532
-0.057 0.242 -0.262 5.635
0.447 0.070 0.478 8.228
0.240 0.385 0.856 4.114
-0.346 -0.287 0.668 10.829
0.053 0.170 -0.087 4.091
-0.077 -0.444 0.619 10.791
-0.284 -0.349 0.790 8.730
-0.118 -0.050 0.060 3.048
-0.072 0.445 0.475 5.288
-0.150 0.081 -0.170 7.960
0.142 0.076 -0.091 4.737
-0.027 -0.243 -0.262 7.955
-0.080 0.048 0.624 18.449
-0.128 -0.434 0.718 7.967
0.154 0.039 -0.052 2.515
0.183 -0.412 0.885 4.584
0.082 0.083 0.198 5.271
-0.365 0.263 0.837 8.341
-0.061 0.017 0.178 1.416
-0.292 0.343 0.888 7.396
-0.229 -0.390 0.699 9.301
0.415 -0.178 0.476 4.747
0.007 0.053 -0.095 4.067
0.354 -0.281 0.888 10.957
-0.392 0.227 0.474 6.518
-0.244 0.380 0.888 5.777
-0.426 -0.144 0.857 10.075
-0.418 0.165 0.476 5.968
-0.057 -0.446 0.850 9.327
0.018 0.219 -0.221 3.051
0.323 -0.321 0.661 5.563
-0.153 0.424 0.608 8.000
0.038 0.080 0.624 18.606
-0.117 -0.015 0.205 5.422
0.138 -0.431 0.557 6.503
-0.420 -0.159 0.819 10.359
0.152 0.050 -0.105 2.023
0.132 0.186 -0.225 5.540
0.236 -0.068 -0.231 6.284
-0.015 -0.122 0.087 4.001
-0.019 -0.054 -0.090 6.668
0.021 0.452 0.596 11.973
0.111 -0.049 0.188 4.740
0.005 0.454 0.473 3.961
0.103 0.056 -0.252 5.066
-0.250 -0.375 0.475 6.146
0.075 0.141 -0.105 2.502
-0.373 -0.252 0.536 8.874
0.158 0.030 -0.126 2.987
-0.048 -0.083 -0.252 5.898
-0.181 -0.115 -0.262 4.843
0.001 0.018 0.423 2.007
-0.083 0.024 0.266 3.889
-0.107 -0.440 0.695 8.222
-0.047 0.009 0.663 16.613
-0.040 0.166 -0.168 3.359
0.222 -0.023 -0.222 4.589
-0.051 -0.015 -0.093 4.804
0.273 -0.360 0.777 8.438
0.437 -0.126 0.615 15.695
0.226 0.395 0.820 7.113
-0.420 0.159 0.648 6.700
-0.429 0.139 0.667 8.169
0.389 0.235 0.861 3.118
0.069 0.446 0.556 18.691
-0.079 -0.443 0.707 7.758
-0.340 -0.295 0.818 11.059
0.385 -0.239 0.810 10.840
0.439 0.120 0.586 7.923
0.117 0.052 -0.052 3.001
-0.074 0.445 0.761 12.523
0.010 -0.453 0.619 9.125
0.323 0.321 0.595 10.092
0.020 0.007 0.534 15.853
0.094 -0.086 0.158 5.282
0.353 -0.281 0.646 12.731
-0.104 0.441 0.750 12.954
0.006 -0.453 0.474 7.289
-0.451 0.017 0.772 17.681
0.123 0.438 0.833 9.959
0.305 -0.335 0.711 8.303
-0.446 -0.048 0.575 15.216
-0.281 0.351 0.741 10.871
-0.002 -0.249 -0.239 7.461
0.026 0.103 0.014 1.516
-0.072 -0.107 0.106 4.017
0.161 0.057 -0.252 4.484
-0.451 -0.017 0.648 9.943
0.127 -0.026 0.143 4.222
-0.102 0.441 0.779 12.354
0.025 -0.247 -0.233 4.701
-0.420 -0.159 0.631 11.334
-0.321 -0.320 0.569 5.355
0.076 -0.444 0.646 9.391
-0.018 0.122 0.074 5.550
0.124 -0.132 -0.252 3.514
-0.451 0.015 0.694 9.245
0.161 0.006 -0.053 2.174
0.366 -0.265 0.472 10.155
0.443 -0.101 0.602 13.067
-0.239 0.383 0.814 13.814
0.079 0.097 0.164 4.320
0.022 0.024 0.624 11.114
-0.229 -0.390 0.854 5.084
0.152 -0.079 -0.091 3.286
-0.318 0.323 0.796 5.128
0.014 0.044 0.095 1.878
0.285 0.351 0.742 11.882
-0.022 -0.451 0.639 8.161
0.165 -0.419 0.538 6.417
0.338 0.302 0.811 5.704
-0.156 0.018 -0.131 4.419
-0.018 -0.106 -0.052 1.790
0.131 -0.121 -0.079 4.372
0.164 0.089 -0.252 3.145
0.257 -0.372 0.714 6.383
-0.016 -0.452 0.667 8.214
-0.375 0.249 0.654 8.025
-0.240 -0.012 -0.231 3.469
-0.040 0.011 -0.104 4.881
0.440 -0.120 0.646 13.689
-0.436 -0.121 0.888 8.659
0.038 -0.449 0.617 11.164
-0.050 -0.022 0.591 12.676
0.161 0.422 0.890 6.356
-0.278 0.354 0.548 9.987
0.161 -0.421 0.571 13.617
0.027 -0.158 -0.138 3.654
0.444 0.089 0.499 5.613
0.066 0.014 -0.011 5.128
0.009 -0.453 0.509 8.234
0.202 -0.147 -0.260 10.317
-0.250 0.375 0.522 4.453
-0.010 -0.080 0.261 4.805
0.019 -0.105 0.011 2.473
-0.451 -0.010 0.592 8.909
-0.175 0.119 -0.217 2.006
0.050 -0.105 -0.052 3.908
-0.410 -0.182 0.532 19.587
0.084 -0.230 -0.262 4.041
0.324 -0.319 0.477 5.001
0.107 0.058 0.188 4.989
-0.403 0.202 0.703 8.886
-0.418 0.165 0.773 10.710
0.085 0.090 0.053 3.422
0.129 0.000 0.058 3.444
0.016 -0.076 -0.040 2.953
0.111 -0.117 -0.134 3.594
-0.090 -0.126 -0.252 3.370
-0.192 0.408 0.477 4.879
-0.451 0.011 0.500 7.368
0.038 0.048 0.639 17.721
0.135 -0.432 0.526 2.913
-0.065 0.042 0.196 3.075
0.018 0.008 0.133 4.517
0.052 0.017 0.585 12.380
0.428 0.147 0.786 11.276
-0.099 0.013 -0.023 2.626
0.033 0.041 -0.097 4.669
-0.158 -0.019 -0.252 2.119
-0.213 0.399 0.545 3.743
0.221 0.397 0.627 11.696
0.425 0.155 0.758 9.989
-0.211 -0.399 0.729 10.678
0.165 -0.147 -0.221 3.750
-0.168 -0.417 0.729 6.872
0.336 0.305 0.629 8.387
-0.442 0.084 0.662 6.386
-0.321 0.320 0.620 5.506
0.095 -0.055 0.001 2.649
0.282 -0.352 0.841 3.046
-0.444 -0.063 0.474 7.335
-0.033 -0.014 0.131 3.002
0.051 -0.002 0.663 17.193
0.050 -0.064 -0.007 2.443
-0.137 0.430 0.761 15.890
-0.092 0.163 -0.194 2.470
-0.373 0.252 0.695 14.849
0.336 -0.304 0.509 7.056
-0.391 -0.229 0.653 6.003
0.021 0.019 0.492 6.104
0.286 0.350 0.826 6.865
-0.050 0.149 -0.095 4.103
-0.419 0.163 0.704 14.507
0.395 0.227 0.520 7.735
-0.036 -0.069 0.261 4.074
-0.224 0.394 0.750 4.633
0.019 0.001 0.040 3.739
0.095 -0.119 -0.052 2.152
0.039 0.075 -0.252 3.084
0.398 0.221 0.732 10.923
-0.132 -0.432 0.846 7.689
-0.055 -0.447 0.638 9.745
0.354 0.281 0.880 5.707
-0.216 -0.397 0.795 11.536
-0.130 -0.015 0.078 3.037
0.046 0.117 0.131 5.089
-0.057 -0.238 -0.262 6.416
0.389 0.236 0.591 13.626
0.032 -0.183 -0.192 3.911
0.164 -0.062 -0.069 3.757
0.441 -0.117 0.574 10.937
-0.185 -0.134 -0.227 6.498
-0.154 -0.005 -0.052 5.084
-0.448 -0.039 0.669 12.090
-0.102 0.052 -0.052 1.701
-0.004 -0.017 -0.020 5.091
0.451 0.036 0.485 7.443
0.180 0.001 -0.076 3.175
0.097 -0.126 -0.097 1.950
0.115 -0.061 0.128 3.756
-0.263 0.365 0.716 4.622
0.394 0.229 0.824 2.694
-0.151 0.425 0.475 4.515
0.018 0.453 0.657 9.484
-0.051 0.117 -0.052 1.637
-0.021 -0.156 -0.116 3.543
-0.231 0.039 -0.229 4.621
-0.052 0.074 0.156 3.103
0.426 0.152 0.474 5.699
0.451 0.040 0.561 9.612
0.087 -0.057 0.234 8.788
0.001 -0.454 0.751 8.418
0.032 -0.450 0.739 7.148
0.323 0.321 0.709 9.602
0.077 0.445 0.763 15.160
0.029 0.137 -0.252 2.850
-0.350 0.283 0.733 8.322
0.441 0.111 0.797 6.316
0.104 0.014 0.235 8.657
0.057 -0.447 0.563 4.268
-0.159 -0.421 0.608 13.030
-0.436 -0.121 0.730 10.795
-0.120 -0.114 -0.062 6.486
-0.081 -0.099 0.138 5.126
0.184 -0.412 0.795 8.619
0.051 0.113 0.161 5.689
-0.239 0.058 -0.262 6.556
-0.159 -0.421 0.554 10.509
0.355 -0.280 0.496 6.186
-0.420 -0.159 0.564 16.277
-0.077 0.170 -0.252 3.440
-0.285 0.348 0.819 11.971
0.322 0.322 0.524 6.416
0.137 -0.150 -0.209 3.075
0.455 0.006 0.472 8.863
-0.081 0.001 -0.052 3.375
0.108 0.135 -0.170 4.415
0.024 -0.159 -0.056 2.564
0.125 0.146 -0.198 2.290
0.446 0.076 0.640 13.006
-0.408 -0.187 0.500 11.115
-0.141 -0.081 -0.058 4.943
0.367 0.264 0.822 4.896
0.228 -0.393 0.473 8.419
-0.032 -0.122 -0.252 2.239
-0.350 -0.281 0.881 7.902
-0.033 0.450 0.601 12.060
-0.040 -0.449 0.822 3.998
0.334 0.307 0.664 12.005
-0.201 0.404 0.506 3.949
-0.090 0.057 -0.008 2.484
-0.161 -0.047 -0.064 6.968
0.019 -0.006 0.214 4.296
-0.236 0.027 -0.262 6.189
-0.125 0.435 0.618 5.250
-0.107 -0.079 -0.052 2.578
-0.023 -0.023 0.674 16.399
-0.180 0.413 0.561 7.235
0.019 0.006 -0.204 3.389
-0.230 0.391 0.625 3.863
0.388 0.237 0.631 11.908
0.075 -0.063 -0.021 1.957
0.403 -0.208 0.496 5.166
-0.082 -0.443 0.825 6.105
-0.223 -0.394 0.823 12.957
0.221 -0.396 0.777 6.742
-0.211 -0.399 0.473 6.280
-0.448 0.037 0.752 13.398
0.220 0.397 0.504 6.188
-0.039 -0.044 -0.252 2.473
0.076 0.193 -0.252 3.765
-0.382 -0.240 0.742 9.283
-0.112 -0.439 0.819 5.279
-0.296 0.340 0.784 8.313
-0.047 0.116 0.076 3.411
-0.051 0.031 -0.086 3.671
0.004 0.163 -0.252 2.236
-0.038 -0.121 0.108 3.649
-0.255 -0.371 0.716 12.372
0.152 -0.049 -0.094 3.025
0.019 0.003 0.168 2.635
-0.230 -0.390 0.659 4.513
0.060 -0.446 0.890 4.938
-0.027 -0.119 0.061 3.336
0.446 -0.075 0.692 9.778
-0.185 0.411 0.590 11.990
0.247 -0.379 0.621 5.479
-0.049 0.448 0.541 6.722
0.115 0.440 0.502 5.577
-0.375 0.250 0.888 6.772
-0.452 -0.003 0.888 10.647
0.316 0.327 0.632 7.272
0.154 -0.068 -0.252 3.008
0.019 -0.001 -0.235 4.631
0.449 0.054 0.843 5.253
-0.066 0.099 -0.252 3.036
-0.363 -0.265 0.657 12.813
-0.124 0.039 0.153 8.546
0.052 -0.016 0.296 5.619
0.025 0.115 0.180 5.931
-0.443 0.075 0.809 9.286
-0.028 -0.228 -0.226 6.187
0.032 -0.450 0.800 4.105
0.339 0.301 0.579 16.969
-0.005 -0.453 0.887 5.729
-0.116 0.052 0.056 2.853
-0.402 0.202 0.732 10.385
0.009 -0.093 0.624 17.208
0.124 -0.021 0.171 4.482
0.133 0.063 -0.252 4.270
-0.271 0.359 0.511 5.581
-0.109 0.016 -0.052 2.238
-0.444 -0.065 0.508 7.875
-0.062 -0.057 0.182 2.406
0.381 0.246 0.804 5.738
0.052 0.051 -0.071 3.182
0.135 0.086 -0.122 3.853
-0.292 -0.342 0.555 14.752
0.426 -0.151 0.636 14.800
-0.014 0.013 0.525 11.815
-0.145 -0.427 0.635 9.704
-0.452 0.008 0.855 10.441
-0.121 -0.030 0.040 2.390
-0.171 0.045 -0.181 10.453
0.429 0.147 0.721 11.882
0.439 0.121 0.627 10.299
-0.452 0.009 0.615 5.168
0.008 0.075 0.271 5.122
0.003 0.455 0.781 5.818
0.406 0.202 0.841 3.121
0.143 0.164 -0.262 6.557
0.140 0.431 0.806 9.740
-0.024 -0.007 0.497 6.641
0.207 0.073 -0.219 3.066
-0.240 -0.382 0.578 12.791
0.035 -0.450 0.585 8.733
0.424 -0.156 0.726 11.365
0.428 0.149 0.857 4.515
0.437 0.126 0.832 5.473
-0.305 0.333 0.665 8.724
-0.406 -0.193 0.884 4.708
0.053 -0.024 0.068 3.819
0.034 0.044 -0.252 4.124
-0.122 -0.133 -0.252 4.355
0.003 0.118 -0.252 3.238
0.004 -0.046 -0.072 5.422
-0.086 -0.041 0.624 20.118
-0.032 -0.450 0.612 6.058
0.018 0.192 -0.252 2.560
0.105 -0.075 0.097 3.469
-0.301 0.336 0.549 7.897
-0.326 -0.313 0.736 9.955
0.019 0.006 0.242 2.943
0.165 0.017 -0.252 3.225
-0.011 -0.014 0.539 8.256
-0.430 0.135 0.480 5.415
-0.093 0.072 0.020 2.754
-0.243 0.380 0.842 10.784
0.240 0.385 0.531 7.683
-0.381 0.242 0.624 4.559
0.071 0.446 0.888 5.969
-0.051 -0.151 -0.139 4.438
-0.417 0.167 0.809 9.315
-0.416 0.169 0.840 7.218
0.401 0.213 0.548 13.129
0.123 -0.029 0.052 2.245
-0.156 -0.096 -0.191 2.916
-0.155 -0.017 -0.128 2.598
-0.425 0.149 0.742 5.665
-0.149 -0.051 -0.135 7.180
-0.234 -0.386 0.499 7.606
0.071 0.446 0.855 4.371
0.024 0.019 -0.113 4.980
-0.385 0.237 0.761 7.602
-0.376 -0.248 0.677 9.463
0.323 0.322 0.796 6.866
-0.367 -0.260 0.625 14.991
0.450 0.047 0.714 17.031
-0.349 0.283 0.626 8.048
0.084 0.149 -0.165 4.086
0.140 0.003 -0.252 2.503
-0.024 -0.005 -0.086 4.478
-0.012 -0.452 0.858 7.220
-0.094 -0.212 -0.262 4.819
-0.152 0.174 -0.227 3.369
0.238 0.074 -0.262 5.029
0.239 0.386 0.767 9.021
0.453 -0.021 0.558 9.871
0.017 0.010 -0.155 5.036
-0.435 0.123 0.642 7.552
0.439 -0.120 0.789 6.091
-0.064 0.178 -0.197 2.840
0.288 -0.348 0.738 9.747
-0.105 -0.116 -0.092 3.724
0.080 0.032 0.265 8.115
-0.213 0.007 -0.262 6.365
-0.367 -0.259 0.593 13.795
-0.382 0.240 0.729 10.264
-0.441 -0.091 0.883 8.921
0.053 0.002 -0.046 4.127
0.088 -0.135 -0.133 4.293
-0.035 0.225 -0.262 5.852
0.022 -0.013 0.484 5.477
0.398 -0.220 0.889 11.127
-0.165 -0.418 0.838 10.961
0.405 0.204 0.677 14.403
0.051 -0.218 -0.262 3.587
-0.269 0.361 0.768 8.692
-0.046 -0.150 -0.098 3.145
0.021 0.119 0.075 4.981
-0.115 -0.025 -0.052 3.335
-0.058 0.150 -0.057 4.480
-0.439 -0.106 0.656 4.939
0.119 0.007 0.024 1.440
-0.192 0.408 0.839 6.557
0.401 -0.213 0.824 11.171
0.058 0.024 0.646 17.536
-0.139 -0.158 -0.252 3.932
-0.028 0.017 0.126 2.651
0.427 -0.150 0.804 7.235
-0.065 0.030 0.233 2.070
-0.150 0.054 -0.056 2.945
-0.275 -0.355 0.729 12.992
-0.430 0.136 0.854 10.587
-0.272 -0.358 0.890 5.484
0.125 -0.082 -0.252 1.992
0.079 -0.058 0.624 17.380
0.064 -0.021 -0.018 3.903
-0.390 0.230 0.589 3.362
-0.058 0.217 -0.223 3.305
0.054 -0.026 0.648 12.996
0.009 0.106 0.099 3.025
-0.135 0.431 0.648 4.959
0.063 -0.043 0.044 2.803
-0.215 0.011 -0.219 2.346
0.431 -0.140 0.671 14.547
0.010 -0.117 0.099 3.197
-0.155 -0.016 -0.099 2.860
-0.318 -0.323 0.513 7.723
-0.297 -0.339 0.767 9.385
0.051 -0.150 -0.113 2.778
0.224 -0.395 0.512 9.002
-0.126 0.035 0.079 3.121
0.286 -0.349 0.661 12.242
-0.104 -0.027 0.233 6.706
0.077 0.102 0.087 4.233
-0.093 0.021 0.624 20.437
0.238 -0.386 0.885 10.430
-0.135 0.124 -0.190 2.756
-0.429 0.137 0.698 10.872
-0.019 0.452 0.864 4.697
0.128 0.104 -0.147 3.245
0.259 0.370 0.499 5.218
0.008 0.068 -0.252 2.174
-0.171 -0.416 0.808 11.028
-0.060 0.072 0.624 17.594
-0.088 -0.442 0.647 9.407
0.386 -0.239 0.849 10.001
0.062 0.149 -0.252 2.585
-0.053 -0.153 -0.252 2.402
-0.209 0.401 0.890 6.698
0.191 -0.409 0.856 3.930
-0.018 -0.018 0.624 7.981
-0.012 -0.081 -0.252 6.247
0.038 0.025 0.668 17.445
0.189 -0.072 -0.252 2.191
0.078 -0.079 0.216 5.181
0.129 0.096 -0.252 2.230
0.260 -0.369 0.567 9.848
-0.453 0.002 0.824 11.561
-0.017 0.184 -0.252 2.193
0.446 -0.076 0.500 10.413
-0.407 -0.191 0.564 14.275
-0.207 -0.401 0.768 11.001
-0.151 0.425 0.558 5.666
0.139 -0.177 -0.223 5.306
-0.107 -0.057 0.030 1.883
0.058 -0.447 0.853 8.993
0.085 -0.443 0.870 6.530
0.192 0.118 -0.222 3.078
0.141 -0.430 0.594 10.854
-0.338 -0.297 0.593 12.100
0.278 -0.356 0.537 13.178
0.402 0.211 0.645 10.001
0.052 -0.153 -0.055 2.850
0.056 0.448 0.582 16.742
-0.014 0.158 -0.091 2.847
-0.150 0.193 -0.262 6.982
0.311 -0.330 0.816 6.621
-0.250 0.375 0.645 3.439
0.423 0.160 0.886 6.865
-0.024 -0.174 -0.090 3.242
-0.281 0.352 0.620 7.832
0.041 -0.050 -0.035 2.530
-0.004 -0.046 0.665 14.533
0.057 0.017 -0.252 4.931
-0.018 -0.186 -0.195 3.475
-0.015 -0.452 0.534 9.263
0.050 -0.448 0.671 8.909
0.448 0.057 0.881 4.626
-0.059 0.053 0.273 2.998
0.013 0.033 0.570 18.920
0.176 0.029 -0.081 2.809
0.422 0.163 0.696 14.650
-0.452 -0.003 0.562 7.519
0.379 -0.248 0.552 4.844
0.445 0.080 0.718 11.904
0.101 -0.023 -0.013 1.952
0.419 -0.169 0.536 5.610
0.451 0.035 0.533 6.728
-0.446 0.050 0.664 5.911
-0.061 0.446 0.605 11.759
-0.442 -0.082 0.710 9.379
-0.429 -0.138 0.506 10.418
0.172 0.417 0.660 14.278
0.436 0.130 0.503 7.795
-0.027 0.123 0.102 4.333
-0.237 -0.385 0.740 10.001
0.354 0.281 0.667 12.563
-0.384 -0.237 0.613 7.865
-0.419 -0.162 0.597 10.899
0.395 0.227 0.472 7.715
-0.107 0.046 -0.252 3.683
-0.367 -0.260 0.787 6.446
0.080 -0.145 -0.060 2.460
-0.116 -0.118 -0.159 5.379
0.058 -0.074 -0.052 1.470
0.103 -0.019 0.235 8.727
-0.430 -0.134 0.555 10.650
-0.246 -0.378 0.828 8.630
-0.129 -0.433 0.790 6.474
0.266 0.366 0.761 11.621
0.446 -0.077 0.586 10.417
-0.096 -0.157 -0.252 3.743
0.157 0.423 0.626 7.366
-0.159 -0.035 -0.156 5.433
-0.204 -0.402 0.687 8.309
0.381 -0.245 0.599 4.414
0.420 -0.166 0.564 5.637
-0.018 -0.169 -0.169 5.559
-0.001 -0.215 -0.254 5.636
0.161 0.085 -0.183 2.539
0.350 -0.286 0.799 4.377
0.217 -0.073 -0.262 5.208
0.018 -0.452 0.677 13.367
-0.173 -0.015 -0.075 3.842
0.060 0.150 -0.055 3.094
-0.443 -0.075 0.585 8.714
0.067 0.110 0.112 5.157
0.164 -0.187 -0.233 6.385
0.442 -0.107 0.693 11.125
-0.117 0.119 -0.161 3.532
0.112 -0.033 0.015 4.310
-0.199 -0.404 0.510 11.469
0.005 0.454 0.504 4.256
-0.031 -0.094 0.129 3.209
0.010 -0.453 0.818 3.594
0.093 0.037 0.624 20.367
-0.026 0.451 0.524 10.000
0.130 -0.050 -0.252 2.560
-0.395 -0.220 0.680 7.128
0.455 -0.006 0.807 8.239
-0.014 0.118 0.166 5.348
-0.129 -0.433 0.545 6.533
0.426 0.152 0.607 10.532
-0.015 0.452 0.551 12.107
0.403 0.208 0.885 5.263
-0.318 -0.323 0.887 5.641
0.455 0.005 0.724 9.446
-0.064 0.028 0.286 4.965
-0.006 0.454 0.693 11.401
0.057 0.102 0.193 4.837
0.030 0.087 0.252 6.221
-0.242 -0.039 -0.251 6.742
0.161 0.191 -0.233 8.501
0.039 0.121 0.101 4.292
0.370 0.260 0.778 12.350
0.156 -0.150 -0.253 4.299
-0.034 0.450 0.686 10.110
0.376 0.253 0.476 7.120
0.254 0.374 0.566 13.505
-0.413 -0.177 0.664 8.803
0.453 0.022 0.689 11.101
0.117 0.034 0.037 2.267
-0.334 -0.302 0.867 6.311
-0.049 -0.081 0.228 5.046
-0.116 -0.439 0.758 6.983
-0.274 -0.356 0.760 9.653
-0.216 -0.029 -0.221 3.720
-0.039 0.090 -0.052 3.133
-0.430 0.137 0.776 6.715
0.126 0.026 0.070 4.120
0.167 -0.024 -0.062 2.320
-0.450 -0.022 0.499 7.582
-0.116 0.184 -0.220 4.649
-0.053 0.205 -0.252 2.630
0.253 -0.375 0.748 6.861
0.157 -0.423 0.697 10.149
-0.163 0.060 -0.085 5.803
0.017 0.160 -0.055 2.389
0.449 0.055 0.509 7.563
0.146 0.428 0.652 11.495
-0.279 -0.352 0.819 5.462
0.237 0.078 -0.232 6.134
0.214 0.400 0.778 10.365
-0.428 -0.139 0.662 10.627
-0.437 -0.117 0.625 4.235
-0.175 -0.077 -0.201 2.650
0.415 0.178 0.814 4.423
-0.408 -0.188 0.597 8.651
0.071 -0.096 0.040 3.066
0.451 -0.034 0.819 8.277
0.155 0.424 0.838 10.581
-0.110 0.072 0.108 3.771
-0.338 0.298 0.603 8.794
0.218 -0.043 -0.262 6.092
0.403 -0.207 0.789 6.857
-0.214 -0.398 0.885 5.917
-0.207 -0.059 -0.219 4.231
0.196 -0.407 0.641 4.901
0.363 0.270 0.700 7.751
0.245 0.382 0.739 9.476
-0.358 0.271 0.567 10.012
0.095 -0.442 0.779 9.097
0.083 0.444 0.799 9.260
0.008 0.017 0.268 2.530
0.410 0.192 0.730 12.527
0.413 -0.185 0.724 10.898
0.455 -0.005 0.888 6.972
0.455 0.009 0.580 10.728
-0.053 -0.067 0.157 2.261
-0.010 -0.453 0.783 7.441
0.059 -0.446 0.786 8.815
-0.016 -0.166 -0.062 3.072
0.416 -0.177 0.652 11.561
-0.412 -0.179 0.733 8.573
0.322 -0.321 0.841 8.447
0.222 0.102 -0.231 5.223
-0.008 0.024 0.489 6.557
0.453 -0.024 0.736 7.093
-0.160 0.421 0.664 4.383
-0.298 0.338 0.601 12.867
0.068 0.062 0.257 6.854
-0.057 -0.033 0.166 1.882
0.368 0.263 0.590 14.238
-0.441 -0.091 0.738 9.453
-0.081 -0.020 0.271 6.801
-0.379 -0.244 0.886 4.835
0.219 0.049 -0.262 4.516
0.350 -0.285 0.678 9.610
0.446 0.076 0.608 13.842
0.232 0.391 0.565 11.304
0.033 -0.125 -0.252 2.912
-0.217 0.398 0.860 5.685
0.426 -0.152 0.478 3.485
-0.160 -0.127 -0.212 3.268
0.060 -0.010 0.603 10.905
-0.005 0.249 -0.233 7.498
-0.448 -0.036 0.890 9.269
0.079 -0.100 0.126 4.820
0.249 0.378 0.628 8.378
-0.140 0.429 0.682 5.382
-0.024 0.082 -0.252 2.025
0.162 0.421 0.693 14.769
0.095 0.051 -0.005 2.668
-0.066 -0.134 -0.052 3.253
0.334 0.307 0.889 3.998
0.321 0.323 0.868 3.099
0.255 0.373 0.835 5.943
-0.012 0.175 -0.177 3.422
-0.044 -0.082 -0.027 2.353
-0.437 -0.117 0.797 3.720
-0.087 0.443 0.589 8.027
0.455 0.005 0.645 7.570
-0.244 -0.007 -0.262 8.154
0.023 0.157 -0.098 3.130
-0.063 -0.049 0.238 4.518
0.266 0.365 0.886 3.492
-0.329 -0.309 0.541 7.530
0.205 -0.403 0.817 4.931
0.275 0.358 0.475 4.529
0.187 0.411 0.635 17.026
0.392 -0.231 0.535 3.124
0.071 0.059 0.624 24.064
-0.386 -0.235 0.776 5.448
0.426 -0.153 0.832 6.139
-0.020 -0.043 0.119 3.855
-0.024 -0.054 0.285 3.782
-0.010 0.453 0.820 7.087
-0.096 0.442 0.622 6.448
-0.034 0.115 0.049 2.706
0.169 0.057 -0.080 2.760
-0.202 -0.077 -0.262 4.812
0.010 -0.015 0.427 2.601
0.232 -0.391 0.821 4.815
-0.394 0.223 0.889 5.279
0.089 -0.443 0.821 2.838
0.351 0.285 0.602 13.556
-0.281 -0.350 0.861 6.590
0.084 -0.151 -0.091 2.180
0.442 0.108 0.709 10.278
0.012 0.453 0.535 6.908
0.096 -0.082 -0.252 1.961
0.323 -0.321 0.791 3.501
-0.105 0.441 0.720 15.250
-0.451 -0.010 0.798 8.029
-0.067 0.143 -0.119 4.036
0.054 -0.447 0.473 5.815
0.001 -0.018 0.243 1.823
-0.037 0.098 0.160 6.361
-0.004 0.017 -0.129 4.212
0.231 -0.392 0.743 5.433
0.107 0.010 -0.006 2.672
-0.449 0.030 0.478 6.830
-0.307 -0.330 0.793 7.838
-0.016 -0.004 0.424 2.060
0.039 0.450 0.525 4.077
0.086 0.137 -0.133 2.137
-0.358 -0.271 0.848 10.510
-0.056 0.447 0.507 4.849
0.038 0.065 0.064 1.883
-0.103 -0.077 0.143 5.243
0.182 0.413 0.565 7.928
0.153 -0.051 -0.132 1.676
-0.374 0.251 0.475 7.311
-0.075 0.445 0.726 11.873
0.036 0.103 0.217 5.899
0.421 -0.165 0.697 13.476
-0.009 -0.014 0.149 3.023
-0.113 0.065 0.081 3.899
0.050 -0.066 0.030 3.258
-0.054 0.068 -0.252 3.485
-0.342 0.292 0.807 9.824
-0.327 0.313 0.661 7.216
0.413 -0.183 0.883 10.837
0.088 0.443 0.664 11.513
-0.321 0.320 0.589 7.855
0.324 0.320 0.553 3.433
-0.446 0.053 0.564 6.164
-0.005 0.017 -0.080 4.408
0.113 -0.218 -0.262 6.168
0.304 0.336 0.474 7.189
0.384 -0.241 0.779 9.633
-0.130 -0.090 -0.138 6.556
0.130 0.435 0.563 13.717
-0.002 0.109 0.015 2.221
-0.444 -0.069 0.555 14.950
0.378 -0.250 0.722 6.061
-0.138 -0.121 -0.192 2.005
0.398 -0.220 0.665 8.339
-0.059 -0.007 0.293 6.393
0.142 -0.429 0.629 12.601
-0.185 0.014 -0.195 4.789
0.037 -0.106 0.090 3.135
0.450 0.048 0.600 11.165
0.206 0.078 -0.262 3.812
-0.396 -0.217 0.559 8.975
-0.080 -0.186 -0.252 4.581
-0.108 0.001 0.231 5.676
-0.026 0.055 0.603 12.879
-0.182 0.115 -0.262 2.541
0.119 -0.008 0.197 5.460
0.450 -0.048 0.575 9.634
-0.189 -0.018 -0.252 2.976
0.185 -0.041 -0.252 2.669
0.067 -0.120 -0.252 3.203
0.024 0.120 0.150 5.466
-0.116 0.000 0.009 4.964
0.042 0.129 -0.052 2.205
0.101 0.085 -0.252 2.565
-0.319 0.322 0.757 3.220
0.390 -0.234 0.506 5.069
0.079 0.444 0.603 16.708
-0.022 0.020 0.624 8.990
-0.141 -0.428 0.588 10.101
0.455 -0.004 0.676 6.065
-0.174 -0.415 0.691 10.263
0.008 -0.095 0.240 5.296
-0.082 -0.094 0.167 6.774
-0.111 -0.138 -0.183 3.004
0.035 0.450 0.790 10.667
0.084 -0.036 0.258 10.848
-0.446 -0.052 0.639 13.733
-0.374 0.251 0.505 10.319
-0.400 -0.208 0.730 10.342
0.014 -0.056 0.646 12.719
-0.081 -0.069 -0.006 2.924
-0.429 -0.136 0.584 10.748
0.143 0.073 -0.052 3.720
-0.071 0.093 0.026 2.271
0.178 0.176 -0.262 11.124
0.046 0.449 0.828 7.204
-0.117 0.022 0.202 8.271
-0.131 0.167 -0.252 3.289
0.122 -0.047 0.103 4.496
0.036 -0.450 0.645 10.864
-0.215 -0.117 -0.232 7.245
0.444 -0.092 0.635 11.748
0.186 0.411 0.882 4.147
0.350 -0.285 0.856 5.301
-0.444 -0.068 0.683 9.364
0.241 0.385 0.706 5.513
0.363 0.269 0.559 14.473
-0.306 0.332 0.835 6.943
0.448 0.064 0.762 8.808
0.305 -0.334 0.681 9.413
-0.446 -0.050 0.534 19.198
-0.018 0.086 0.252 3.495
-0.110 0.114 -0.122 2.240
-0.117 0.043 0.181 9.808
0.003 -0.120 0.065 3.482
0.353 -0.282 0.524 11.527
-0.408 0.188 0.662 9.388
0.016 -0.452 0.848 3.710
-0.448 -0.034 0.821 12.370
-0.110 -0.042 0.204 5.660
0.324 -0.319 0.883 5.465
0.027 0.451 0.568 14.377
-0.420 -0.158 0.696 8.402
-0.005 -0.075 0.109 2.256
0.011 -0.015 0.016 4.336
-0.021 0.154 -0.052 3.214
-0.139 -0.069 -0.109 4.937
0.062 0.050 -0.252 4.465
0.069 0.169 -0.187 3.643
0.104 -0.441 0.725 6.614
-0.076 0.444 0.793 7.969
-0.159 -0.421 0.782 9.132
-0.118 0.150 -0.199 3.314
-0.393 0.225 0.502 7.937
-0.110 -0.114 -0.131 4.955
-0.107 0.046 0.014 1.626
-0.084 0.154 -0.071 4.908
-0.212 -0.107 -0.262 8.650
-0.003 -0.017 0.455 2.581
0.051 -0.041 0.013 2.327
0.383 0.243 0.690 9.422
0.335 -0.306 0.641 6.896
-0.438 0.115 0.728 5.905
0.442 -0.103 0.762 6.580
-0.050 0.005 0.213 2.682
-0.090 -0.012 0.624 19.043
-0.336 0.300 0.768 8.346
0.056 0.158 -0.160 4.182
0.098 0.042 0.229 8.859
-0.079 0.076 -0.052 2.140
0.420 0.167 0.498 5.972
-0.078 -0.137 -0.097 3.323
-0.139 0.072 -0.091 2.839
0.015 -0.012 -0.130 6.980
0.403 -0.209 0.636 4.684
-0.425 -0.147 0.725 8.840
0.166 0.121 -0.210 2.461
-0.151 -0.194 -0.235 6.452
0.257 0.372 0.796 10.139
0.112 -0.440 0.841 3.627
0.239 -0.385 0.696 6.673
-0.122 -0.029 0.179 7.103
-0.084 0.443 0.503 4.127
0.119 -0.179 -0.254 4.087
0.141 0.108 -0.089 3.443
-0.236 -0.385 0.769 11.358
-0.101 0.076 0.057 2.209
-0.015 -0.057 0.641 15.237
-0.048 -0.116 0.138 5.664
0.415 0.180 0.587 9.381
-0.113 -0.439 0.660 7.242
-0.112 -0.057 0.175 7.129
0.036 0.036 -0.047 4.484
-0.404 0.197 0.808 11.474
-0.090 0.131 -0.135 2.291
0.198 0.406 0.663 12.822
-0.000 0.018 0.360 2.358
0.008 0.044 0.298 5.501
0.131 0.005 0.088 3.979
0.133 0.104 -0.062 6.384
0.263 0.367 0.533 7.966
-0.326 -0.313 0.842 7.952
-0.003 -0.125 -0.252 2.868
-0.154 -0.423 0.663 9.290
-0.065 0.446 0.880 4.388
-0.104 -0.440 0.472 6.350
0.303 -0.337 0.580 7.818
-0.069 -0.080 -0.052 1.599
0.336 -0.304 0.549 9.291
0.241 -0.383 0.653 7.839
0.200 -0.118 -0.262 6.339
0.154 0.425 0.777 10.849
0.274 0.359 0.649 8.982
0.243 -0.382 0.529 7.824
0.194 -0.407 0.531 6.583
-0.002 -0.017 0.328 2.338
0.446 -0.075 0.556 9.110
-0.136 -0.430 0.474 8.398
-0.106 0.048 0.211 4.672
0.066 -0.446 0.594 6.033
0.041 0.449 0.700 16.761
-0.380 0.243 0.852 9.483
0.370 -0.260 0.666 10.748
-0.108 -0.007 -0.252 2.618
-0.016 -0.003 0.274 2.318
-0.156 0.423 0.793 5.907
-0.403 0.201 0.474 10.461
-0.037 0.056 -0.076 3.637
0.034 -0.220 -0.223 3.786
-0.331 -0.307 0.785 11.025
0.204 0.404 0.604 11.400
-0.101 -0.081 0.084 3.125
0.089 0.205 -0.222 2.761
-0.165 0.419 0.758 9.655
0.263 -0.367 0.473 7.513
0.448 -0.063 0.818 4.995
-0.036 -0.210 -0.257 3.194
0.068 -0.032 0.624 13.112
0.018 0.006 -0.006 4.886
-0.059 0.085 -0.010 4.462
0.391 0.232 0.662 8.618
0.446 -0.074 0.886 4.638
0.019 0.006 -0.036 5.523
-0.003 0.216 -0.262 3.633
-0.016 -0.002 0.215 2.951
0.036 0.450 0.757 15.642
-0.016 0.005 0.338 2.656
-0.392 0.227 0.688 11.000
0.267 0.364 0.723 14.235
0.437 0.126 0.744 10.153
-0.185 -0.410 0.540 12.349
0.006 -0.017 0.189 3.022
0.095 -0.145 -0.252 2.318
0.413 0.185 0.547 11.138
-0.445 0.056 0.694 7.180
-0.330 0.309 0.559 5.517
-0.199 -0.050 -0.252 3.219
-0.426 0.146 0.576 9.586
0.202 0.405 0.525 10.284
-0.088 -0.151 -0.071 3.294
0.448 -0.057 0.477 4.601
0.221 -0.120 -0.241 8.703
0.425 -0.153 0.590 10.566
-0.000 -0.073 -0.065 2.968
-0.450 -0.021 0.853 7.326
0.443 -0.098 0.473 5.606
-0.339 -0.295 0.474 9.278
0.065 0.237 -0.231 4.166
-0.362 0.266 0.865 8.490
0.451 -0.036 0.852 9.379
-0.349 -0.283 0.556 12.831
-0.302 -0.335 0.643 9.130
-0.012 0.076 -0.045 2.729
0.442 0.105 0.769 8.453
0.047 0.036 -0.020 2.607
-0.118 -0.100 -0.252 2.075
-0.070 0.104 0.058 2.296
-0.268 -0.361 0.502 5.951
0.081 -0.099 0.096 4.084
-0.025 0.106 0.201 5.576
-0.043 0.172 -0.078 5.991
0.455 -0.008 0.762 8.073
-0.053 -0.183 -0.199 2.475
0.099 0.068 0.033 2.141
0.437 -0.126 0.483 3.698
-0.397 0.216 0.642 5.285
-0.439 0.107 0.478 5.576
0.028 0.094 -0.052 2.403
-0.131 0.433 0.590 6.520
0.412 0.186 0.518 10.938
-0.153 0.016 -0.252 2.581
0.119 -0.107 -0.107 3.061
0.417 0.176 0.668 12.127
-0.093 0.442 0.816 1.455
0.048 -0.101 0.207 5.603
0.262 -0.368 0.853 3.595
0.191 -0.409 0.573 7.985
-0.337 -0.299 0.714 8.845
-0.159 -0.058 -0.171 4.538
0.446 0.073 0.536 6.235
0.368 -0.262 0.829 9.419
0.285 0.351 0.789 10.016
-0.366 0.262 0.747 7.778
-0.247 0.377 0.552 9.985
-0.320 0.321 0.700 7.596
-0.049 0.065 0.228 2.332
-0.330 0.308 0.725 6.408
0.004 -0.007 0.684 17.613
0.222 -0.396 0.544 6.376
0.023 0.070 -0.069 3.459
0.066 -0.058 0.261 7.714
0.026 -0.206 -0.252 2.606
0.264 -0.366 0.644 6.999
-0.213 -0.398 0.602 5.508
-0.050 0.090 0.211 5.831
0.078 -0.444 0.678 9.816
0.123 -0.437 0.749 8.776
-0.020 -0.451 0.501 6.333
0.012 0.453 0.727 9.612
0.452 -0.033 0.658 9.292
0.061 -0.446 0.534 5.041
-0.004 -0.113 0.032 2.395
-0.349 -0.283 0.786 10.453
-0.096 -0.164 -0.197 2.761
-0.013 -0.024 0.567 6.952
0.242 -0.061 -0.262 5.891
0.231 -0.095 -0.249 6.488
-0.381 0.241 0.563 4.774
0.055 0.086 0.235 6.323
-0.010 0.014 -0.209 3.780
-0.079 -0.137 -0.131 2.327
-0.008 0.016 -0.031 5.194
0.167 -0.068 -0.183 2.634
-0.382 0.241 0.824 12.114
0.217 -0.398 0.622 4.033
0.002 -0.018 -0.213 3.033
-0.395 -0.218 0.853 5.037
-0.249 -0.375 0.529 10.090
0.416 -0.176 0.620 13.949
-0.386 0.235 0.532 5.678
0.103 -0.441 0.664 11.047
-0.067 0.106 0.164 9.319
-0.033 0.450 0.838 4.527
-0.111 -0.439 0.885 6.325
-0.440 -0.096 0.499 9.567
0.246 0.046 -0.255 4.897
-0.090 0.128 -0.101 1.982
0.312 0.330 0.821 4.102
0.136 -0.085 -0.119 4.859
-0.235 0.387 0.668 3.786
-0.266 0.362 0.474 2.977
-0.398 0.213 0.549 5.551
-0.384 -0.237 0.702 8.713
-0.363 0.265 0.806 12.349
-0.030 0.055 0.633 15.474
-0.046 -0.009 0.184 2.235
0.000 0.454 0.618 9.828
0.449 -0.050 0.525 7.737
0.090 0.166 -0.252 2.721
0.399 -0.218 0.758 9.020
-0.448 0.037 0.600 3.840
-0.331 0.307 0.890 5.332
0.108 0.118 -0.052 4.350
0.111 -0.440 0.883 3.945
-0.152 -0.424 0.879 5.445
0.035 0.169 -0.252 3.526
0.048 0.207 -0.252 4.515
0.401 0.214 0.608 12.502
-0.067 0.042 -0.252 2.930
-0.119 0.025 0.031 2.075
0.146 0.428 0.743 9.978
-0.041 -0.070 0.624 15.900
0.034 -0.077 0.262 5.466
0.015 -0.452 0.562 9.587
-0.250 -0.375 0.798 11.407
0.300 0.339 0.717 9.978
0.097 0.442 0.475 6.708
-0.367 -0.260 0.756 7.465
-0.446 -0.054 0.746 6.688
-0.224 0.395 0.572 5.671
0.170 -0.418 0.627 8.442
0.440 0.120 0.557 7.636
-0.443 0.077 0.496 5.151
-0.151 0.425 0.889 10.088
-0.094 0.143 -0.171 3.172
0.387 0.238 0.559 13.634
0.138 -0.431 0.887 4.890
0.012 -0.123 0.134 4.322
0.444 -0.089 0.531 9.430
-0.066 -0.208 -0.262 3.566
0.161 -0.002 -0.102 2.131
0.163 -0.047 -0.161 2.162
-0.415 -0.172 0.861 7.278
-0.123 -0.044 0.091 4.073
0.222 0.397 0.726 8.728
0.077 0.087 0.025 3.195
0.053 -0.447 0.503 2.922
-0.171 -0.416 0.641 9.836
0.453 -0.018 0.626 6.283
-0.151 -0.424 0.752 8.082
0.176 -0.030 -0.090 3.773
-0.072 -0.444 0.674 11.253
-0.179 0.413 0.684 4.098
-0.193 -0.407 0.831 15.894
0.165 -0.420 0.843 5.240
0.245 -0.030 -0.262 5.611
0.411 -0.188 0.677 15.172
0.453 0.020 0.771 9.260
-0.086 0.040 -0.032 1.530
-0.438 -0.112 0.839 8.157
0.033 0.062 0.280 6.753
-0.015 -0.006 -0.179 4.560
0.129 0.140 -0.252 2.532
-0.034 -0.015 -0.252 2.270
-0.052 -0.242 -0.234 8.613
0.172 -0.417 0.722 10.001
0.174 0.416 0.602 9.693
-0.041 -0.039 0.256 3.016
0.452 0.029 0.856 6.807
0.444 -0.093 0.729 6.509
-0.258 0.369 0.616 4.187
0.324 0.321 0.493 4.548
0.413 -0.184 0.810 9.817
0.165 -0.420 0.509 7.558
0.282 0.353 0.685 9.573
0.021 0.012 0.103 2.508
-0.195 0.406 0.767 10.502
-0.024 -0.451 0.472 12.553
0.073 0.220 -0.262 6.998
0.288 -0.348 0.627 8.720
0.064 -0.083 -0.252 2.022
0.135 -0.432 0.719 6.938
0.119 0.023 0.189 6.012
0.305 0.335 0.572 5.301
0.423 0.161 0.528 11.215
0.425 -0.155 0.775 8.256
0.004 -0.134 -0.052 2.765
0.088 0.094 0.132 5.186
0.166 0.143 -0.262 4.176
0.190 0.101 -0.252 3.555
-0.185 0.015 -0.252 3.569
-0.082 -0.193 -0.215 2.554
0.087 0.156 -0.077 4.854
0.061 0.447 0.737 12.374
0.119 0.179 -0.252 3.518
0.027 0.229 -0.262 4.658
0.086 -0.152 -0.174 4.355
0.451 -0.037 0.883 4.664
-0.003 -0.035 -0.109 5.597
0.040 -0.449 0.704 8.926
-0.047 0.034 0.642 16.322
-0.047 0.019 -0.252 1.961
-0.356 -0.274 0.526 9.454
0.002 -0.018 -0.159 5.711
0.259 0.371 0.594 10.162
-0.063 0.078 0.184 3.720
0.041 0.042 0.085 2.631
-0.301 -0.336 0.737 9.907
-0.397 0.216 0.840 6.752
0.354 0.281 0.727 7.174
-0.015 0.059 0.116 1.794
0.111 -0.150 -0.192 3.285
-0.050 -0.054 0.208 2.510
0.439 -0.121 0.513 4.799
0.455 0.005 0.610 8.924
-0.177 0.414 0.621 8.064
0.000 -0.224 -0.223 5.014
-0.122 -0.047 0.130 7.098
-0.362 -0.266 0.472 7.740
-0.011 0.046 -0.252 2.923
-0.305 -0.333 0.708 7.163
-0.062 0.446 0.836 3.135
0.089 -0.443 0.481 3.412
-0.321 0.320 0.533 3.619
-0.049 0.018 0.586 11.965
0.199 -0.405 0.488 7.390
-0.026 -0.183 -0.252 3.409
0.351 0.285 0.527 5.745
-0.024 0.034 0.285 3.486
-0.135 -0.048 -0.052 3.324
-0.129 0.011 0.063 3.596
0.007 -0.453 0.649 10.884
-0.248 0.377 0.692 3.345
-0.369 0.257 0.541 8.142
0.021 -0.080 -0.252 2.935
-0.015 0.121 0.133 4.593
-0.231 0.390 0.713 4.278
-0.050 -0.167 -0.176 2.539
-0.371 0.255 0.599 4.567
0.033 0.103 -0.252 5.475
-0.090 -0.138 -0.158 2.485
0.025 -0.029 0.100 2.753
-0.044 0.041 0.248 2.709
-0.452 -0.006 0.524 7.470
0.096 0.158 -0.189 4.142
0.224 -0.395 0.572 5.832
0.445 0.087 0.830 3.239
-0.051 -0.447 0.508 4.347
-0.158 0.133 -0.252 2.479
-0.181 0.412 0.890 7.154
-0.164 -0.082 -0.252 2.916
-0.041 -0.029 0.284 3.267
0.442 0.104 0.529 6.544
-0.133 0.091 -0.148 3.593
-0.134 -0.431 0.683 9.811
0.088 0.443 0.723 6.858
0.031 0.017 -0.072 5.632
0.371 0.258 0.619 14.494
-0.413 0.177 0.881 6.431
0.038 0.037 0.295 6.275
0.055 -0.087 0.231 6.476
-0.021 0.093 -0.019 2.391
-0.181 0.412 0.804 4.530
0.402 0.211 0.576 12.794
0.406 0.202 0.494 9.567
0.404 -0.205 0.858 5.790
0.064 0.446 0.647 9.596
0.140 0.118 -0.187 2.717
0.005 -0.017 0.120 2.811
-0.027 0.111 -0.252 3.091
0.070 0.008 -0.075 3.348
0.452 0.032 0.629 10.437
-0.059 0.004 0.616 15.809
0.183 0.171 -0.233 7.750
0.130 0.014 -0.052 3.719
-0.111 -0.439 0.592 6.212
0.178 -0.039 -0.184 3.016
0.177 -0.101 -0.252 2.194
0.446 0.074 0.797 8.135
-0.004 -0.103 0.120 2.026
-0.052 -0.167 -0.074 4.333
-0.451 0.012 0.656 5.959
0.422 0.162 0.564 9.144
-0.446 -0.049 0.864 8.308
0.059 -0.197 -0.211 3.648
0.397 -0.222 0.605 4.617
0.340 -0.299 0.612 7.597
-0.013 0.011 0.448 2.997
-0.349 -0.283 0.754 10.335
0.043 -0.045 0.628 12.375
0.099 -0.021 0.624 20.864
-0.033 -0.044 0.152 3.500
-0.321 -0.319 0.662 9.949
-0.294 -0.341 0.511 6.171
0.169 0.418 0.728 12.036
0.219 -0.014 -0.262 3.910
0.371 0.259 0.648 12.128
0.006 -0.453 0.589 8.193
0.028 -0.020 0.675 16.270
-0.000 0.030 0.117 3.488
0.228 0.049 -0.226 4.438
0.012 -0.200 -0.207 5.253
-0.112 -0.036 -0.252 2.701
0.057 0.059 -0.036 2.377
0.417 0.175 0.846 3.163
-0.171 -0.416 0.502 6.011
-0.056 -0.447 0.593 5.954
0.284 0.351 0.557 10.493
-0.056 -0.013 0.641 16.128
-0.053 -0.447 0.790 4.598
-0.165 0.419 0.856 6.652
-0.012 0.011 0.396 2.008
0.381 0.246 0.722 9.191
-0.450 0.024 0.555 7.389
-0.173 0.416 0.496 7.136
-0.188 -0.107 -0.219 5.109
0.378 0.249 0.750 10.569
0.324 -0.319 0.590 6.427
0.252 -0.002 -0.259 7.445
-0.416 0.168 0.552 5.929
0.146 0.193 -0.262 7.104
-0.159 -0.071 -0.085 4.660
-0.073 0.107 0.121 5.599
0.185 -0.167 -0.233 7.580
-0.044 -0.093 0.177 2.507
0.430 0.143 0.660 11.804
0.002 0.053 0.655 15.828
-0.409 -0.185 0.628 8.942
-0.179 -0.048 -0.193 3.192
0.029 -0.067 -0.067 2.958
-0.086 0.117 -0.052 3.205
0.296 -0.342 0.473 4.908
0.000 0.003 0.624 10.817
0.184 -0.086 -0.208 2.712
0.131 -0.130 -0.188 2.724
0.043 -0.025 -0.252 2.482
-0.067 -0.022 -0.067 2.581
-0.040 0.055 0.138 3.659
-0.013 -0.029 0.296 3.218
-0.159 0.104 -0.252 2.836
-0.186 0.080 -0.252 3.808
0.117 0.439 0.735 8.484
-0.003 0.164 -0.150 2.234
-0.062 -0.051 0.271 4.073
0.112 0.116 -0.127 2.462
-0.157 0.422 0.829 4.827
-0.420 -0.160 0.789 8.513
-0.029 0.451 0.490 6.425
-0.102 0.066 0.188 8.517
0.364 -0.267 0.698 8.734
-0.141 -0.102 -0.084 4.167
-0.218 -0.024 -0.262 4.566
0.445 0.086 0.884 6.717
-0.018 0.452 0.652 10.275
0.412 -0.187 0.755 9.291
-0.322 -0.318 0.614 11.766
0.292 0.345 0.886 2.847
0.433 -0.134 0.700 14.322
-0.415 0.173 0.581 7.938
0.094 0.028 -0.026 2.048
-0.081 0.131 -0.252 2.188
0.050 0.062 -0.009 1.534
0.158 -0.422 0.801 8.234
-0.067 -0.028 -0.252 2.544
-0.402 0.203 0.615 3.318
0.051 0.188 -0.200 1.772
0.452 -0.026 0.476 5.285
-0.395 -0.220 0.819 3.642
0.108 0.013 -0.252 8.613
0.149 -0.426 0.477 6.802
-0.337 -0.298 0.514 8.624
-0.214 0.399 0.684 3.549
0.445 -0.082 0.788 5.550
0.087 -0.172 -0.199 2.606
-0.442 0.081 0.843 6.991
-0.449 0.029 0.522 7.947
0.001 0.018 0.200 2.631
0.079 0.444 0.527 8.597
0.441 -0.117 0.883 5.429
-0.247 0.377 0.492 2.862
-0.081 -0.443 0.794 5.339
-0.075 -0.444 0.887 7.281
0.376 0.253 0.518 5.783
0.307 -0.333 0.502 3.314
-0.204 -0.136 -0.262 7.534
0.223 0.014 -0.262 6.279
0.114 -0.083 -0.052 1.963
0.153 -0.424 0.748 11.485
0.001 -0.019 0.508 5.763
0.407 -0.199 0.528 5.492
0.416 0.177 0.638 7.765
0.112 0.221 -0.262 6.829
0.340 0.300 0.481 4.960
-0.217 0.116 -0.262 5.982
0.435 -0.132 0.849 4.460
0.298 -0.340 0.776 7.547
0.071 0.037 -0.054 3.903
-0.348 0.285 0.841 6.864
-0.120 0.438 0.889 9.898
-0.147 0.426 0.529 4.018
-0.442 -0.082 0.816 6.451
-0.129 0.072 -0.252 2.361
-0.065 -0.445 0.731 6.030
0.017 0.042 -0.070 3.870
-0.130 -0.002 0.164 8.982
-0.143 0.085 -0.062 2.928
0.321 -0.322 0.730 6.287
0.442 0.104 0.651 11.305
-0.027 -0.073 -0.052 1.616
-0.446 0.055 0.535 8.747
-0.030 -0.100 -0.001 3.858
0.020 -0.157 -0.252 4.915
-0.186 -0.017 -0.196 3.185
-0.162 0.420 0.707 3.893
-0.034 0.189 -0.200 4.148
-0.133 0.114 -0.073 3.372
-0.170 -0.013 -0.172 4.267
-0.219 0.397 0.475 6.541
0.174 0.416 0.473 6.073
0.068 -0.016 0.017 2.766
0.118 0.133 -0.074 5.576
0.081 -0.198 -0.260 2.379
-0.174 0.178 -0.256 6.980
0.118 0.439 0.531 10.230
-0.246 0.378 0.741 2.808
0.193 -0.134 -0.228 5.092
0.415 -0.179 0.506 7.432
0.105 0.120 -0.252 2.877
-0.177 -0.413 0.760 9.922
-0.127 0.038 -0.052 2.123
0.055 -0.153 -0.144 2.541
-0.179 -0.412 0.884 5.186
-0.109 0.440 0.648 5.111
-0.120 0.438 0.473 7.815
-0.272 -0.358 0.650 11.103
-0.403 0.201 0.586 3.350
-0.267 0.362 0.802 13.865
0.398 -0.220 0.723 8.359
-0.184 0.150 -0.262 4.975
0.085 -0.220 -0.229 2.839
0.110 0.086 -0.052 3.077
0.138 0.431 0.714 11.084
0.353 0.282 0.797 8.015
0.307 -0.333 0.608 5.944
-0.399 -0.209 0.761 6.054
0.328 0.315 0.840 4.130
0.222 0.110 -0.262 5.326
0.180 -0.413 0.599 5.320
0.070 -0.022 -0.071 4.361
-0.442 0.084 0.889 7.454
0.140 -0.430 0.773 8.377
-0.137 -0.205 -0.262 5.124
-0.175 -0.176 -0.238 9.398
-0.009 0.015 0.172 2.131
-0.054 0.447 0.640 10.100
-0.062 0.446 0.669 8.346
-0.070 0.029 -0.054 2.373
-0.429 -0.137 0.773 5.714
-0.085 0.069 -0.252 5.427
-0.441 0.093 0.620 6.553
-0.440 -0.096 0.548 6.864
-0.109 -0.183 -0.262 3.837
-0.428 0.139 0.807 7.842
-0.152 -0.160 -0.222 4.734
-0.072 -0.087 0.212 5.443
-0.068 0.446 0.568 5.917
0.019 -0.001 0.395 2.025
-0.123 -0.216 -0.237 6.061
-0.420 0.159 0.608 8.352
0.021 -0.451 0.771 11.677
-0.138 -0.429 0.514 4.387
-0.349 0.284 0.885 6.394
0.253 0.375 0.667 9.359
-0.404 0.199 0.862 6.207
0.130 -0.100 -0.150 2.731
0.006 -0.120 0.166 4.290
0.262 -0.368 0.883 5.188
0.044 -0.056 0.280 6.382
-0.338 0.298 0.472 7.587
0.231 0.007 -0.225 3.239
-0.148 -0.049 -0.252 3.421
0.055 0.032 0.610 16.096
-0.132 0.433 0.500 2.471
0.429 -0.145 0.884 12.529
0.454 -0.011 0.502 5.960
-0.028 0.037 0.581 9.756
0.443 -0.100 0.855 3.365
0.080 -0.171 -0.252 2.732
0.002 -0.018 0.361 2.074
-0.118 -0.188 -0.223 4.587
0.017 -0.107 0.211 6.286
0.057 0.015 0.293 6.604
-0.438 0.110 0.684 11.097
0.076 -0.078 0.003 1.904
-0.185 0.410 0.736 3.810
-0.328 0.311 0.503 4.287
0.369 -0.260 0.762 8.988
-0.377 -0.246 0.855 4.835
0.037 -0.013 0.572 10.204
-0.045 0.449 0.727 12.955
0.262 -0.367 0.819 5.525
0.340 -0.299 0.728 6.839
-0.393 -0.224 0.492 7.914
-0.252 -0.373 0.864 5.484
0.383 -0.242 0.689 10.810
-0.326 0.313 0.827 4.807
-0.049 -0.023 0.228 1.612
-0.132 0.012 0.104 4.487
-0.111 0.133 -0.071 3.181
-0.332 0.306 0.858 4.970
0.196 0.151 -0.262 7.737
-0.123 -0.096 -0.107 3.982
-0.445 0.060 0.473 6.445
0.015 0.013 0.334 2.431
0.129 0.028 0.104 4.474
-0.011 -0.112 0.188 4.190
0.127 -0.028 0.082 3.641
0.055 0.085 -0.052 3.526
0.321 0.323 0.747 8.022
0.247 -0.379 0.776 6.956
0.038 0.157 -0.138 2.646
0.411 -0.188 0.583 7.769
-0.043 -0.448 0.697 6.322
0.118 -0.018 -0.252 2.272
-0.128 -0.027 0.151 7.894
0.109 -0.021 -0.052 1.755
0.130 0.001 0.154 4.008
0.141 -0.104 -0.176 2.614
-0.444 0.067 0.597 4.859
0.126 0.031 0.151 4.340
-0.165 0.014 -0.162 5.334
0.390 -0.234 0.574 2.951
0.036 -0.022 -0.045 3.326
0.159 0.051 -0.154 2.295
0.117 -0.439 0.640 9.763
0.065 0.063 0.036 1.651
0.031 -0.042 0.076 2.402
0.189 -0.006 -0.252 3.444
0.213 0.133 -0.240 4.944
-0.085 0.443 0.535 3.539
0.005 0.159 -0.123 2.635
-0.437 0.118 0.506 5.006
0.445 0.084 0.681 13.009
-0.193 -0.407 0.659 7.720
-0.229 0.391 0.512 4.004
-0.263 0.365 0.874 4.542
-0.199 0.405 0.657 4.281
0.338 0.302 0.781 7.047
0.443 0.095 0.571 9.565
-0.018 0.138 -0.252 2.212
0.131 0.030 -0.252 4.008
0.028 0.085 0.097 2.284
-0.175 0.415 0.531 4.279
0.196 0.407 0.721 11.881
-0.404 0.198 0.768 13.475
-0.082 -0.034 -0.039 2.714
0.140 0.431 0.870 4.530
0.072 0.445 0.689 15.579
0.299 0.340 0.600 4.562
-0.045 -0.045 -0.081 4.394
-0.302 -0.335 0.600 12.859
0.329 -0.313 0.694 7.974
0.441 0.112 0.680 10.753
0.156 0.424 0.557 9.451
0.099 0.125 -0.100 1.990
-0.392 -0.226 0.524 10.526
0.149 -0.099 -0.252 1.948
0.090 0.443 0.632 11.418
0.229 0.394 0.672 8.078
-0.081 0.001 -0.252 2.907
-0.446 -0.050 0.786 6.128
0.195 0.408 0.801 13.073
-0.440 0.101 0.821 4.409
0.453 0.025 0.884 5.155
-0.054 -0.040 0.624 16.309
-0.420 -0.159 0.755 8.604
-0.184 0.047 -0.252 3.035
0.002 0.053 0.624 15.344
0.094 -0.442 0.610 4.688
0.352 -0.283 0.766 6.467
0.102 0.179 -0.210 2.290
0.031 0.001 0.075 4.411
-0.035 0.089 0.624 19.246
0.002 -0.092 -0.020 1.795
-0.402 -0.202 0.474 8.805
-0.221 0.102 -0.232 4.359
0.088 -0.443 0.516 2.502
-0.442 -0.079 0.615 7.417
0.447 -0.067 0.853 3.460
0.029 0.244 -0.232 5.771
-0.439 -0.105 0.577 4.493
-0.083 0.443 0.854 3.562
0.355 0.280 0.757 7.378
-0.152 0.040 -0.105 3.632
0.037 0.450 0.475 5.737
0.057 0.020 0.059 1.137
0.210 -0.080 -0.222 2.652
-0.136 0.079 -0.122 2.709
-0.445 0.062 0.635 5.963
-0.113 -0.439 0.503 4.778
-0.184 0.159 -0.232 4.519
-0.246 0.378 0.585 6.057
0.137 0.432 0.684 12.053
-0.371 0.255 0.780 10.716
0.447 0.065 0.576 9.034
0.122 -0.438 0.799 2.375
0.435 -0.131 0.541 7.142
0.107 0.075 0.114 4.521
-0.119 0.099 -0.252 2.059
-0.010 -0.153 -0.252 2.964
0.316 0.327 0.678 10.224
0.334 -0.307 0.765 4.515
0.094 0.442 0.826 12.719
-0.431 0.133 0.612 7.966
-0.116 0.439 0.857 4.003
0.151 0.155 -0.217 2.677
-0.205 0.402 0.617 5.743
0.103 -0.193 -0.219 2.402
-0.130 0.434 0.821 3.241
-0.086 0.204 -0.222 4.019
0.098 0.083 0.089 4.074
-0.057 0.001 0.257 3.473
-0.442 0.085 0.699 8.047
-0.404 0.197 0.524 7.647
-0.449 0.031 0.835 16.556
0.422 -0.162 0.861 7.527
0.340 -0.299 0.830 4.570
-0.450 0.024 0.880 9.397
-0.210 0.048 -0.262 5.435
0.388 0.236 0.777 6.952
0.015 0.188 -0.195 3.062
0.206 0.403 0.479 5.102
0.401 0.214 0.762 8.180
0.342 0.296 0.698 12.598
-0.084 -0.066 0.229 5.957
0.161 -0.016 -0.133 3.372
0.282 0.353 0.620 6.329
-0.306 0.332 0.725 6.438
-0.046 0.448 0.790 10.926
-0.065 -0.217 -0.225 6.750
0.300 0.339 0.857 3.523
0.299 -0.339 0.874 3.184
-0.410 -0.183 0.772 6.815
0.008 0.084 0.624 16.567
0.354 0.281 0.847 6.323
0.067 0.086 -0.252 3.655
0.090 -0.442 0.750 6.603
-0.045 0.103 0.016 2.512
-0.250 -0.374 0.638 12.566
-0.229 -0.390 0.625 6.079
-0.104 0.441 0.687 6.895
-0.016 0.004 0.092 4.354
0.342 -0.296 0.476 5.601
-0.445 -0.060 0.836 8.089
0.135 -0.432 0.857 2.472
0.011 -0.058 0.606 9.192
-0.305 -0.333 0.854 6.208
0.014 -0.036 0.624 11.533
0.195 0.022 -0.252 3.489
0.067 0.446 0.473 4.184
0.218 -0.398 0.660 6.045
-0.410 0.183 0.499 5.623
0.131 -0.015 0.111 4.205
0.401 0.212 0.797 3.615
-0.294 -0.341 0.890 5.119
-0.303 0.334 0.514 2.396
-0.441 0.087 0.535 6.211
-0.447 0.043 0.720 7.309
-0.203 0.403 0.714 3.700
0.106 0.070 0.063 3.989
0.106 -0.440 0.538 1.947
0.060 -0.166 -0.087 3.269
-0.022 -0.451 0.578 5.518
0.178 -0.414 0.679 9.251
-0.094 0.044 0.238 4.735
0.448 -0.063 0.623 9.800
0.393 -0.229 0.474 7.389
0.042 0.449 0.859 4.768
0.416 0.177 0.783 6.558
-0.036 -0.137 -0.052 2.165
0.030 0.169 -0.170 3.643
0.302 0.338 0.768 9.781
0.444 -0.094 0.814 3.966
-0.032 -0.450 0.760 7.479
0.221 -0.397 0.716 4.276
-0.205 0.137 -0.236 4.821
0.030 -0.113 0.057 3.229
-0.171 0.025 -0.091 4.873
0.450 -0.044 0.791 7.548
-0.439 0.103 0.790 5.288
-0.437 -0.117 0.480 9.496
-0.225 -0.393 0.531 9.717
-0.449 0.033 0.636 4.766
0.029 -0.011 0.624 10.635
-0.438 0.113 0.590 5.618
-0.010 0.014 0.306 4.461
0.426 -0.153 0.509 4.809
0.193 -0.408 0.702 8.457
0.079 -0.095 -0.052 2.076
0.011 0.031 0.677 17.506
0.062 -0.446 0.744 4.938
0.171 0.055 -0.180 2.299
0.190 -0.015 -0.195 1.944
0.062 -0.007 0.047 2.368
0.028 0.012 0.307 3.650
0.051 0.083 0.012 1.500
-0.352 -0.278 0.695 9.512
-0.218 -0.396 0.563 9.736
0.171 0.027 -0.169 2.281
0.007 -0.176 -0.081 4.892
0.066 -0.241 -0.235 3.537
0.368 -0.263 0.860 6.916
-0.439 -0.108 0.767 5.865
0.044 -0.026 -0.099 4.123
-0.124 -0.071 -0.252 2.192
0.028 0.451 0.628 7.962
-0.010 -0.046 -0.252 2.197
-0.378 -0.245 0.818 5.328
0.174 -0.013 -0.171 2.657
0.191 0.051 -0.252 3.578
-0.006 -0.016 -0.245 2.758
0.093 0.015 -0.052 2.802
0.453 -0.022 0.702 7.033
0.140 -0.029 -0.052 2.081
0.168 0.419 0.812 16.555
-0.444 0.070 0.732 6.044
0.304 -0.335 0.547 8.100
0.201 -0.045 -0.210 2.788
0.438 -0.124 0.729 10.136
-0.446 0.054 0.859 9.684
-0.008 0.070 -0.073 2.947
-0.301 -0.335 0.826 6.195
-0.114 0.105 -0.052 2.670
0.056 -0.048 -0.069 3.416
0.089 -0.018 -0.252 4.421
0.071 0.119 -0.252 2.149
0.450 0.045 0.785 8.769
0.148 0.427 0.598 6.742
0.138 -0.431 0.823 2.312
-0.017 0.011 -0.252 2.348
-0.437 -0.117 0.526 8.951
0.157 -0.029 -0.252 3.253
0.013 -0.013 0.300 4.897
-0.398 -0.213 0.607 5.075
0.438 -0.124 0.820 3.466
-0.049 0.174 -0.252 2.536
0.088 -0.443 0.569 4.081
0.122 -0.055 -0.052 1.690
-0.364 -0.263 0.722 9.325
0.153 0.117 -0.252 3.081
0.015 -0.012 0.268 1.936
0.118 0.053 0.084 4.626
0.160 -0.121 -0.206 2.285
-0.402 -0.203 0.793 6.081
0.119 -0.438 0.692 4.239
0.359 0.274 0.492 5.916
0.012 -0.014 -0.095 4.857
0.016 -0.035 -0.252 3.202
-0.093 -0.074 0.195 5.693
0.402 -0.209 0.566 3.415
-0.441 0.091 0.566 4.813
-0.014 -0.009 -0.121 5.135
-0.442 -0.085 0.851 7.360
0.204 0.404 0.691 8.650
0.437 0.126 0.889 6.053
0.082 0.063 -0.052 2.454
0.090 -0.055 -0.052 1.829
-0.007 0.173 -0.068 2.646
-0.049 -0.108 -0.052 1.602
-0.443 -0.077 0.656 8.999
-0.085 -0.443 0.753 6.573
-0.294 0.341 0.484 3.053
-0.039 0.449 0.763 13.164
0.104 0.441 0.689 9.463
0.084 0.004 0.269 8.325
-0.154 0.147 -0.217 2.576
0.084 0.102 -0.052 4.105
0.053 0.241 -0.262 5.804
-0.446 -0.048 0.717 13.066
0.451 -0.040 0.760 6.963
0.297 0.342 0.661 9.470
-0.353 0.279 0.775 14.671
0.115 -0.125 -0.163 4.272
-0.402 -0.202 0.653 5.532
0.447 -0.069 0.759 6.691
-0.128 0.434 0.789 9.711
0.374 -0.254 0.524 6.355
-0.443 0.078 0.764 7.903
-0.442 -0.079 0.768 8.396
0.047 0.091 0.042 3.258
0.031 -0.031 -0.073 5.123
-0.132 -0.005 0.126 8.885
0.057 0.110 0.061 4.203
-0.036 0.450 0.889 8.232
-0.103 -0.440 0.857 6.483
-0.059 -0.050 -0.052 3.409
0.114 -0.439 0.504 3.078
0.058 -0.110 0.068 4.360
0.046 -0.007 -0.078 4.567
-0.439 0.108 0.760 6.001
0.120 -0.438 0.473 5.585
0.213 0.400 0.880 3.411
0.052 0.448 0.612 11.574
-0.450 -0.020 0.619 13.683
0.442 0.109 0.859 6.736
0.061 0.447 0.503 2.313
-0.108 0.440 0.570 5.380
-0.437 0.119 0.559 4.532
-0.038 -0.099 0.206 4.008
-0.006 -0.016 0.391 2.819
0.311 -0.330 0.636 6.371
-0.080 -0.443 0.500 5.597
0.053 -0.147 -0.252 3.509
-0.015 0.020 0.680 17.161
0.448 0.057 0.664 13.393
0.043 -0.183 -0.252 2.705
-0.202 -0.403 0.632 5.366
-0.100 -0.441 0.565 3.815
-0.017 0.452 0.736 11.822
-0.194 -0.406 0.861 6.303
0.099 0.442 0.856 7.099
0.074 0.014 0.624 17.667
-0.055 0.145 -0.252 3.347
-0.116 0.439 0.524 4.125
0.051 -0.090 0.015 1.854
0.400 -0.216 0.695 10.974
0.046 -0.058 -0.252 2.984
-0.325 -0.314 0.692 8.392
0.113 0.440 0.650 8.194
-0.054 0.063 -0.044 2.164
0.016 0.004 0.562 13.073
0.275 0.358 0.851 4.686
-0.059 0.008 -0.070 3.277
-0.064 -0.445 0.564 5.166
0.450 -0.042 0.604 8.285
0.433 -0.136 0.755 7.741
-0.352 -0.279 0.497 10.876
-0.313 0.327 0.876 5.365
-0.049 0.116 0.140 5.953
0.113 -0.060 0.063 2.712
0.130 0.435 0.625 7.589
