0.177 0.082 0.149 6.383
0.391 -0.153 0.377 7.509
0.207 -0.301 0.186 3.961
-0.001 -0.067 0.021 1.958
0.683 -0.176 0.345 14.211
-0.146 -0.393 0.432 5.635
0.013 0.005 0.078 5.161
0.015 -0.008 -0.870 9.219
0.223 0.218 0.347 3.821
-0.629 -0.103 0.211 26.620
0.002 -0.145 0.120 6.231
-0.329 -0.042 0.334 4.664
0.021 0.318 0.384 9.911
-0.182 0.283 0.220 2.787
0.051 0.066 -0.620 5.953
-0.243 -0.132 0.110 7.426
-0.098 0.067 -0.023 3.250
0.484 0.272 0.520 18.574
0.092 -0.145 0.211 2.818
0.065 0.065 0.104 6.194
-0.490 0.145 0.288 7.004
0.115 0.057 -0.667 8.887
0.073 0.248 0.322 3.418
0.155 0.228 0.071 3.235
0.190 0.275 0.094 1.808
-0.080 0.108 0.122 3.583
-0.085 -0.244 0.265 1.847
-0.163 -0.508 0.437 11.085
0.304 -0.119 0.117 1.808
0.422 0.048 0.181 4.101
-0.168 0.447 0.320 6.022
-0.288 0.242 0.207 7.160
-0.241 0.379 0.264 4.342
0.233 0.018 0.156 4.326
0.250 0.487 0.583 29.381
-0.252 -0.143 0.394 1.597
0.178 0.119 -0.023 3.035
0.124 -0.269 0.333 3.948
0.402 -0.355 0.247 9.839
-0.175 -0.246 0.085 3.296
0.084 -0.173 0.206 5.042
-0.107 -0.112 0.083 4.741
-0.153 -0.076 -0.115 3.326
-0.194 0.318 0.248 1.628
-0.011 -0.054 0.068 3.744
0.678 -0.175 0.373 13.986
-0.244 0.205 0.171 4.255
0.006 0.331 0.408 9.426
0.272 -0.021 0.292 6.214
0.493 0.085 0.240 6.389
0.113 -0.137 -0.661 8.115
-0.137 0.120 0.182 4.721
-0.402 0.125 0.240 4.443
-0.409 0.071 0.417 2.920
-0.076 -0.120 -0.061 2.700
-0.562 0.140 0.320 16.909
0.504 -0.173 0.490 7.156
-0.250 -0.231 0.322 6.419
0.421 0.222 0.256 3.858
0.284 0.384 0.158 8.001
0.083 -0.005 -0.203 4.055
-0.175 0.094 0.052 4.321
0.084 -0.002 -0.849 9.270
0.290 -0.043 0.281 3.298
-0.078 -0.039 -0.211 2.420
0.427 0.203 0.454 6.262
0.045 -0.151 0.098 4.072
0.107 0.047 -0.096 5.122
-0.286 0.104 0.316 4.812
0.234 -0.318 0.430 15.001
0.648 -0.162 0.357 16.416
-0.273 -0.013 0.086 1.717
0.269 -0.276 0.167 2.340
-0.410 -0.273 0.004 14.443
-0.221 -0.120 0.154 6.719
-0.119 -0.327 0.297 3.622
-0.214 -0.199 0.131 2.155
0.195 -0.263 0.376 5.735
0.281 0.345 0.141 5.154
0.090 0.188 0.253 2.678
-0.377 -0.317 0.013 14.508
0.293 0.158 0.119 3.117
-0.175 0.222 0.432 2.886
0.052 -0.094 -0.010 1.418
0.024 0.357 0.421 12.488
-0.551 -0.134 0.192 10.214
-0.087 -0.053 -0.620 7.414
0.017 -0.170 0.112 3.746
-0.209 0.389 0.295 3.409
-0.172 0.478 0.567 21.235
-0.178 0.254 0.368 4.795
0.077 0.218 0.285 3.715
0.459 0.253 0.286 8.246
0.053 -0.112 0.139 3.187
0.342 0.247 0.201 5.569
-0.008 0.430 0.485 19.737
-0.430 -0.364 0.286 17.108
-0.444 -0.143 0.471 8.531
0.198 -0.010 -0.014 3.318
-0.050 -0.109 0.049 4.633
0.225 0.438 0.545 9.983
0.095 0.042 -0.754 7.848
-0.024 0.068 -0.620 7.093
0.221 0.316 0.112 2.523
0.218 0.371 0.156 4.443
0.442 0.233 0.273 5.831
-0.239 -0.221 0.154 3.208
0.007 0.366 0.010 4.941
-0.367 -0.133 0.398 4.133
-0.339 0.061 0.140 2.257
0.471 -0.118 0.213 3.546
-0.237 0.020 0.048 2.340
0.019 0.027 -0.873 8.074
-0.276 0.217 0.184 6.263
-0.026 -0.106 -0.648 11.496
-0.136 0.384 0.482 6.377
-0.275 -0.116 0.295 3.352
0.092 -0.240 0.288 2.986
-0.486 0.151 0.499 11.305
-0.114 0.030 0.039 3.222
0.685 -0.181 0.629 32.163
0.015 -0.077 -0.485 5.933
0.151 -0.066 -0.009 5.925
-0.594 0.138 0.295 22.664
-0.062 -0.078 -0.777 8.020
-0.466 -0.054 0.135 4.765
-0.581 -0.133 0.584 22.378
-0.645 -0.139 0.226 26.618
-0.247 -0.147 0.250 3.950
-0.485 0.127 0.480 10.180
-0.078 0.120 0.276 3.598
0.026 -0.035 -0.870 13.162
0.306 -0.016 0.102 2.880
-0.015 0.017 -0.043 1.048
-0.202 -0.041 0.140 5.434
-0.205 -0.506 0.529 22.985
0.294 -0.041 0.226 1.933
0.124 0.149 0.227 4.097
-0.365 0.061 0.153 2.899
-0.236 0.350 0.253 3.657
0.321 -0.133 0.290 3.773
0.144 0.088 0.111 3.432
-0.175 0.240 0.189 4.295
0.535 -0.177 0.516 9.829
-0.223 -0.087 0.146 4.604
0.238 -0.057 0.015 3.751
0.153 -0.150 0.030 1.744
-0.395 0.322 0.274 18.847
-0.061 -0.171 0.160 5.742
0.386 -0.379 0.252 9.290
0.297 0.188 0.144 3.254
-0.217 -0.097 0.210 3.933
-0.401 -0.111 0.403 4.137
0.470 0.298 0.526 14.958
-0.020 -0.002 -0.870 8.828
-0.184 0.267 0.185 3.317
-0.172 -0.078 0.024 2.113
-0.177 0.396 0.482 8.478
0.052 -0.094 0.032 2.608
-0.152 -0.020 -0.003 4.694
0.291 0.212 0.164 4.258
0.089 0.338 0.225 3.659
0.211 -0.029 0.092 2.637
-0.565 0.158 0.549 37.491
-0.233 -0.080 -0.005 2.313
-0.112 -0.244 0.254 1.279
0.533 0.332 0.571 39.000
-0.615 -0.135 0.214 24.520
-0.178 0.201 0.142 4.524
0.026 0.033 -0.839 9.476
0.450 0.285 0.508 9.674
-0.173 -0.006 0.020 2.920
-0.061 -0.053 -0.228 2.414
-0.341 -0.250 -0.020 5.395
0.512 -0.114 0.275 3.656
0.059 0.012 -0.110 2.572
0.157 0.157 0.220 5.465
-0.376 -0.033 0.083 3.731
-0.150 0.254 0.154 4.743
0.177 0.247 0.077 2.524
0.087 -0.253 0.112 2.818
0.007 -0.223 0.190 2.445
0.033 -0.198 0.051 1.778
0.021 0.062 -0.663 3.456
0.629 -0.189 0.591 17.401
0.188 -0.278 0.168 2.870
0.049 -0.044 -0.032 3.308
0.293 -0.254 0.148 3.618
0.080 0.237 0.157 5.580
0.089 0.091 0.017 5.696
0.106 0.150 -0.073 4.147
-0.208 -0.099 0.180 4.364
-0.733 -0.139 0.251 41.501
0.111 -0.077 0.102 2.670
-0.297 -0.113 0.425 2.939
-0.098 -0.010 -0.047 4.790
-0.041 -0.098 0.161 4.118
0.113 -0.111 -0.679 6.390
-0.508 -0.144 0.519 9.640
-0.196 0.371 0.482 6.045
0.208 -0.031 0.011 2.732
0.206 0.319 0.419 4.875
0.285 -0.017 0.082 2.837
-0.579 -0.113 0.186 13.586
0.082 0.024 -0.868 9.692
-0.067 -0.351 0.316 3.810
0.282 0.068 0.121 4.925
-0.062 -0.102 0.187 4.329
-0.315 0.083 0.314 4.478
0.261 0.040 0.208 4.142
-0.416 0.074 0.186 3.612
-0.148 -0.113 0.109 4.738
-0.379 0.118 0.224 5.307
0.123 -0.269 0.131 6.320
-0.031 -0.124 -0.699 6.947
0.004 0.000 -0.379 5.978
0.063 0.218 0.135 5.114
0.026 0.001 0.049 4.273
-0.014 -0.145 -0.016 2.868
0.190 0.220 0.311 3.646
0.120 -0.047 0.115 3.015
-0.061 0.118 0.252 7.325
-0.229 0.044 0.064 2.336
0.038 0.064 0.116 4.168
-0.145 -0.014 0.051 3.867
0.176 0.103 0.173 4.848
-0.006 -0.070 -0.571 4.716
0.275 0.456 0.187 9.316
-0.364 -0.321 0.250 4.086
-0.243 -0.037 -0.014 4.222
0.198 0.113 0.049 4.296
-0.288 -0.144 0.420 5.085
0.056 0.376 0.240 12.082
-0.077 -0.078 0.172 3.928
0.044 -0.179 0.188 5.174
-0.125 0.084 0.121 3.123
-0.061 0.019 -0.042 1.673
-0.335 -0.070 0.327 4.417
-0.315 -0.107 0.207 2.916
-0.247 0.023 0.220 3.845
-0.528 0.150 0.306 8.078
-0.420 -0.146 0.455 4.101
-0.284 0.007 0.138 3.348
-0.270 0.149 0.155 5.997
0.185 0.085 0.061 3.547
0.049 0.315 0.388 7.432
-0.178 -0.407 0.193 3.879
-0.139 0.215 0.386 2.391
0.270 0.147 0.101 2.915
-0.012 -0.084 0.111 5.447
0.279 -0.054 0.084 4.501
-0.006 -0.004 -0.546 4.653
0.086 -0.047 -0.830 8.976
0.281 0.031 0.085 3.912
0.077 -0.137 0.186 3.303
0.267 0.139 0.284 4.250
0.217 0.195 0.319 4.203
-0.241 0.044 0.201 3.084
-0.156 -0.483 0.418 8.213
-0.334 0.115 0.365 4.117
0.289 0.523 0.224 13.618
0.199 -0.049 0.053 3.422
-0.084 0.199 0.144 5.378
0.260 0.168 0.118 2.942
0.313 0.183 0.188 2.597
-0.146 0.039 0.093 3.899
0.386 -0.059 0.188 3.117
0.026 0.097 0.178 6.708
-0.215 0.448 0.327 6.856
-0.023 -0.046 -0.608 5.740
0.092 -0.114 -0.781 9.184
-0.110 -0.058 -0.146 3.244
-0.144 0.349 0.254 2.498
0.556 -0.128 0.521 8.092
-0.302 0.084 0.162 3.024
0.222 0.256 0.379 3.387
-0.279 -0.126 0.399 2.417
-0.243 -0.182 0.118 2.863
-0.582 -0.167 0.591 18.396
0.169 0.318 0.435 5.685
-0.476 -0.133 0.485 9.308
0.079 0.037 -0.020 2.728
-0.273 -0.135 0.189 4.333
0.268 0.156 0.309 3.438
0.420 0.276 0.234 5.366
-0.207 -0.403 0.187 3.262
-0.314 -0.028 0.042 8.885
-0.433 0.141 0.459 7.592
-0.038 0.134 0.250 5.544
0.022 0.379 0.247 6.446
0.274 -0.105 0.102 2.816
-0.592 0.166 0.571 38.765
-0.014 -0.260 0.229 1.646
0.359 0.215 0.181 3.484
-0.112 0.100 0.016 3.372
-0.153 0.416 0.509 10.549
-0.343 -0.283 0.219 8.089
0.189 -0.122 0.011 2.903
0.082 -0.136 -0.673 6.920
0.171 -0.105 -0.016 6.492
-0.009 -0.006 -0.517 6.475
0.132 0.015 -0.049 2.284
-0.141 -0.370 0.406 4.285
0.129 0.194 0.291 6.157
0.113 0.030 -0.678 6.853
-0.135 -0.214 0.033 1.815
0.094 -0.079 -0.765 10.169
-0.011 0.144 0.261 6.810
-0.222 -0.117 0.087 3.694
0.242 0.390 0.157 3.529
-0.021 -0.052 -0.420 6.731
0.060 0.292 0.367 7.781
-0.052 0.062 0.218 5.609
0.362 0.228 0.428 4.442
0.092 -0.046 0.085 3.563
0.173 -0.076 0.039 2.409
0.033 -0.072 -0.404 5.942
-0.479 -0.346 0.021 14.746
-0.224 0.549 0.345 32.246
-0.260 -0.227 -0.021 7.430
-0.012 -0.028 0.087 4.284
0.032 -0.073 -0.372 6.937
-0.301 -0.244 -0.017 6.148
0.097 0.159 0.216 5.517
0.101 -0.112 -0.709 7.714
0.141 -0.298 0.157 3.930
-0.704 -0.140 0.244 45.137
0.262 -0.084 0.163 3.071
-0.047 -0.032 -0.873 10.817
-0.261 0.024 0.109 2.239
-0.003 0.128 0.235 4.901
-0.337 0.087 0.158 2.328
0.300 0.076 0.275 4.053
0.008 -0.097 -0.042 2.750
0.626 -0.155 0.583 17.957
0.024 -0.012 -0.075 2.216
0.075 0.175 0.226 3.572
-0.105 -0.077 -0.029 3.628
0.193 -0.146 0.030 1.809
0.022 0.492 0.020 20.006
0.172 -0.237 0.343 5.592
0.027 0.183 0.130 3.848
0.205 0.153 0.265 6.389
0.231 0.189 0.046 5.825
0.195 0.382 0.497 9.083
0.096 0.187 0.119 6.598
0.197 0.363 0.475 8.603
0.197 0.135 -0.002 3.300
-0.351 -0.112 0.092 4.156
-0.113 0.134 0.330 2.586
-0.218 -0.147 0.087 5.211
0.493 0.330 0.285 13.614
-0.184 -0.285 0.348 2.177
0.011 0.283 0.369 4.055
-0.215 0.279 0.490 4.513
0.163 -0.244 0.143 2.162
-0.193 -0.481 0.508 11.798
-0.083 -0.085 -0.675 5.556
-0.011 0.030 -0.862 9.034
-0.264 0.097 0.288 1.928
-0.285 -0.177 0.156 3.187
0.112 0.079 0.115 3.531
-0.554 -0.439 0.031 29.537
-0.174 0.208 0.169 4.968
-0.135 -0.190 0.016 2.504
0.047 -0.014 -0.603 3.036
0.302 -0.074 0.295 3.405
-0.255 -0.062 -0.009 6.532
0.210 -0.052 -0.011 5.785
-0.128 -0.018 0.014 4.241
0.228 -0.035 0.117 3.116
-0.343 -0.250 0.214 5.569
0.334 0.217 0.222 7.120
0.072 0.002 -0.648 4.922
0.157 0.104 0.147 4.304
0.263 0.456 0.572 16.414
0.085 -0.029 -0.186 4.091
-0.501 -0.103 0.514 9.877
-0.210 -0.128 0.348 3.282
0.109 0.426 0.272 10.182
0.183 -0.037 -0.025 4.943
0.531 -0.122 0.497 6.568
0.522 0.074 0.246 8.900
-0.016 -0.014 -0.486 4.902
0.133 0.059 -0.092 5.027
0.347 0.183 0.170 2.261
-0.214 -0.416 0.469 11.176
-0.103 -0.283 0.255 2.059
-0.027 0.069 0.021 3.212
0.257 -0.083 0.054 2.932
0.062 0.200 0.253 2.421
0.161 -0.298 0.375 8.115
-0.175 0.301 0.405 2.625
0.357 -0.278 0.204 8.204
0.412 -0.156 0.398 10.243
-0.129 -0.103 -0.107 4.731
0.258 0.320 0.121 6.729
-0.136 0.234 0.137 4.740
-0.378 -0.081 0.077 4.643
-0.142 0.028 0.005 2.802
0.227 -0.023 0.252 9.586
-0.282 -0.176 0.305 2.367
0.428 -0.390 0.270 24.318
-0.176 -0.311 0.358 3.293
-0.012 -0.010 -0.404 6.668
-0.279 -0.211 -0.037 5.191
0.257 0.435 0.553 14.683
-0.121 -0.048 0.071 5.532
-0.190 0.519 0.599 22.734
0.013 -0.078 -0.013 3.083
-0.209 0.065 0.090 3.214
0.150 0.266 0.380 1.977
-0.305 -0.036 0.304 3.151
-0.156 0.053 0.126 5.006
-0.313 -0.252 0.359 7.577
0.181 -0.046 0.019 5.877
0.053 -0.112 -0.796 13.355
-0.071 -0.017 -0.697 7.914
0.079 -0.140 -0.620 7.080
-0.249 -0.193 -0.045 5.935
-0.090 0.210 0.281 2.244
-0.157 0.217 0.409 2.155
0.264 -0.243 0.136 3.024
-0.476 -0.153 0.505 9.459
0.564 -0.171 0.317 4.306
-0.175 -0.104 0.294 2.599
0.081 0.425 0.267 15.193
-0.223 -0.487 0.518 20.327
-0.104 -0.412 0.366 3.860
0.503 0.303 0.540 27.088
0.071 0.142 0.069 4.194
-0.065 -0.189 0.189 4.156
-0.098 -0.000 -0.087 3.279
0.028 -0.174 0.025 3.001
-0.198 -0.350 0.410 4.212
-0.010 -0.115 -0.775 13.257
-0.160 -0.177 0.030 1.528
0.062 0.272 0.345 3.488
-0.292 -0.242 0.343 4.215
0.443 0.269 0.249 9.403
-0.266 -0.194 0.286 4.301
-0.248 -0.131 0.175 3.496
0.190 0.299 0.114 2.572
0.329 -0.070 0.319 3.852
0.005 -0.107 -0.842 10.608
-0.159 -0.024 -0.085 7.756
-0.186 -0.159 -0.062 5.467
-0.012 -0.094 0.018 1.765
-0.174 0.055 0.056 2.599
-0.156 -0.097 0.010 4.038
-0.024 -0.034 -0.446 7.428
-0.173 -0.279 0.102 5.267
-0.140 -0.406 0.362 3.870
-0.109 0.287 0.215 2.378
0.451 -0.093 0.206 2.576
0.335 -0.019 0.343 5.425
0.217 0.019 0.042 4.117
0.288 0.117 0.261 2.316
0.098 -0.072 -0.734 10.220
-0.023 -0.043 -0.569 4.825
-0.304 0.052 0.115 2.821
0.197 -0.083 0.081 3.670
0.374 0.152 0.385 4.208
-0.263 -0.576 0.287 19.466
-0.232 -0.212 0.292 2.236
-0.066 0.009 -0.070 1.699
-0.118 0.315 0.235 2.075
-0.341 -0.150 0.461 3.293
-0.506 -0.065 0.155 5.336
-0.450 -0.083 0.119 3.464
-0.176 0.001 -0.014 2.672
0.006 -0.075 -0.311 3.361
0.334 -0.107 0.145 1.880
-0.123 -0.060 0.242 3.685
-0.227 -0.377 0.189 3.769
0.006 0.081 0.155 4.931
0.183 0.025 0.062 4.526
-0.127 -0.004 -0.059 6.904
0.422 0.233 0.449 8.071
-0.054 -0.171 0.132 6.039
0.023 0.001 -0.404 6.720
-0.091 -0.263 0.289 1.176
0.423 0.247 0.234 7.125
0.398 0.180 0.236 4.849
-0.268 -0.160 0.283 7.128
0.055 0.082 -0.028 3.126
-0.155 0.437 0.532 15.754
-0.279 0.387 0.573 15.747
0.112 0.480 0.295 15.577
-0.224 0.545 0.374 29.883
-0.027 -0.106 -0.846 10.635
-0.278 -0.061 0.008 4.460
-0.102 -0.249 0.078 3.138
0.105 -0.014 -0.279 5.127
-0.244 -0.075 0.211 4.241
-0.082 -0.009 -0.620 6.018
0.121 -0.231 0.281 2.598
-0.375 0.283 0.256 11.506
0.321 0.056 0.130 4.920
0.312 0.152 0.317 3.748
-0.043 -0.311 0.281 3.044
-0.148 0.143 0.222 6.387
-0.460 0.146 0.480 8.420
-0.031 -0.033 -0.071 3.412
0.223 -0.196 0.088 3.202
-0.076 -0.084 -0.113 2.632
0.039 0.034 -0.648 3.430
0.285 0.168 0.330 4.458
-0.305 0.193 0.192 4.166
-0.386 -0.138 0.420 4.171
-0.034 0.043 -0.045 0.965
-0.062 0.145 0.268 4.605
-0.185 0.463 0.301 5.473
0.311 -0.214 0.155 2.343
0.054 -0.124 -0.698 10.813
-0.343 -0.128 0.220 1.708
-0.207 -0.395 0.448 7.270
0.179 0.086 -0.043 4.066
-0.136 -0.048 0.037 2.436
-0.164 0.370 0.450 5.227
0.001 -0.073 -0.416 5.378
-0.425 -0.101 0.117 3.660
0.050 -0.019 -0.479 7.531
0.442 0.239 0.473 10.252
0.359 -0.132 0.161 1.924
-0.291 -0.024 0.026 5.440
-0.076 0.119 0.047 3.623
-0.112 0.020 -0.053 4.125
0.048 0.045 -0.736 8.233
0.158 0.200 0.284 6.695
0.096 -0.167 0.071 3.382
0.047 0.198 -0.046 4.397
-0.214 -0.187 -0.043 5.253
0.196 -0.339 0.195 3.502
0.119 0.116 -0.021 2.611
0.077 -0.146 0.047 3.231
0.425 -0.077 0.217 1.931
0.053 0.119 0.179 5.511
0.003 0.394 0.015 7.547
0.298 -0.100 0.226 1.884
-0.293 -0.049 0.280 3.566
0.339 -0.041 0.126 3.307
0.157 0.032 0.054 5.169
-0.242 0.344 0.530 8.833
-0.141 -0.124 0.288 5.475
-0.184 -0.069 0.316 4.621
-0.323 -0.227 0.195 4.092
-0.081 0.022 -0.689 6.792
0.142 -0.079 -0.064 3.543
0.156 0.036 -0.052 2.358
-0.076 0.140 0.090 2.587
0.202 0.070 0.152 5.372
-0.066 0.124 0.160 4.494
-0.113 -0.125 0.108 4.816
-0.398 -0.304 -0.001 24.309
0.031 -0.073 -0.512 6.822
-0.195 -0.266 0.113 4.025
-0.518 0.093 0.256 6.673
0.223 -0.085 0.118 2.301
-0.080 -0.137 -0.039 4.187
-0.544 -0.118 0.554 8.452
0.274 0.100 0.095 3.726
0.253 -0.069 0.250 2.172
0.537 -0.116 0.293 4.953
0.284 0.086 0.252 2.559
0.211 -0.105 0.031 2.708
-0.057 0.181 0.322 4.475
-0.201 -0.012 0.055 2.810
-0.237 -0.443 0.223 5.386
0.140 -0.132 0.007 2.459
-0.168 0.214 0.318 7.817
0.055 -0.210 0.067 1.472
0.527 -0.168 0.297 6.544
0.059 0.081 0.130 3.862
-0.314 -0.111 0.326 4.980
-0.308 0.110 0.340 4.098
0.339 0.191 0.201 6.686
0.230 -0.079 0.044 3.059
0.227 0.122 0.246 3.085
0.103 -0.034 -0.144 3.905
-0.016 0.602 0.032 41.035
-0.186 0.120 0.080 4.049
-0.205 0.484 0.309 7.549
0.068 0.064 -0.053 2.018
-0.093 0.011 -0.026 1.580
-0.215 0.502 0.593 17.241
-0.269 -0.151 -0.049 8.649
0.266 0.002 0.055 3.226
0.064 -0.042 0.054 3.966
0.140 0.004 -0.011 2.824
0.015 0.112 0.207 2.710
-0.126 -0.430 0.374 3.872
0.026 -0.071 0.045 4.194
0.201 0.106 0.089 4.555
-0.408 -0.335 0.475 13.841
0.068 0.185 -0.066 5.897
-0.027 -0.019 -0.014 3.787
-0.041 -0.030 0.135 4.409
0.588 -0.151 0.546 22.532
-0.118 0.318 0.411 2.388
0.019 -0.167 0.162 5.359
-0.083 0.060 -0.674 8.231
0.113 0.089 -0.047 2.858
0.425 -0.114 0.185 3.410
-0.034 -0.137 0.086 4.282
-0.073 0.085 0.258 3.701
0.457 -0.103 0.418 3.382
-0.219 -0.157 0.212 3.828
0.289 -0.064 0.204 2.730
-0.198 -0.071 0.152 6.193
-0.055 -0.049 -0.199 2.383
-0.114 -0.315 0.349 4.114
-0.145 -0.328 0.353 3.162
0.112 -0.253 0.310 2.345
-0.061 -0.011 -0.783 7.338
-0.077 -0.117 0.051 4.729
-0.111 0.293 0.384 2.091
0.096 0.004 -0.747 12.244
-0.132 0.081 0.041 2.741
-0.127 -0.231 0.234 4.217
0.222 0.167 0.030 4.257
0.056 0.099 0.154 5.806
-0.018 -0.183 0.117 5.851
0.102 0.032 0.004 3.073
-0.189 0.019 0.126 6.040
-0.111 0.192 0.243 1.782
-0.392 -0.308 0.255 4.657
-0.031 0.039 -0.783 9.002
0.648 -0.165 0.601 17.841
0.227 0.055 0.151 5.447
0.318 0.231 0.184 4.655
-0.190 -0.434 0.460 8.422
-0.393 -0.055 0.090 3.022
0.556 0.080 0.267 7.636
0.003 0.263 0.168 3.513
-0.414 0.337 0.288 22.361
-0.387 -0.305 0.449 14.094
-0.011 -0.066 -0.476 5.193
-0.095 0.051 0.032 1.900
-0.012 0.036 -0.648 3.974
-0.042 0.028 -0.873 11.417
-0.110 -0.015 -0.021 2.835
0.082 0.285 -0.023 4.689
-0.310 0.225 0.200 8.884
0.120 0.088 0.028 2.631
-0.044 0.006 -0.089 2.585
-0.402 -0.348 0.273 21.287
0.223 0.376 0.478 14.901
-0.008 -0.006 -0.444 6.184
-0.157 0.182 0.138 4.451
-0.076 -0.089 -0.001 2.912
-0.070 -0.098 -0.089 2.583
0.385 0.064 0.173 4.119
0.101 0.071 -0.115 4.725
0.201 0.236 0.054 2.259
0.169 0.015 -0.037 4.333
0.089 0.050 -0.696 6.936
-0.007 0.022 0.125 4.307
-0.067 -0.054 -0.260 4.285
0.172 -0.305 0.166 3.132
-0.116 0.063 0.082 2.789
-0.426 -0.111 0.424 5.457
-0.017 -0.059 -0.304 2.526
-0.018 -0.058 -0.545 4.736
0.132 0.017 -0.091 3.379
-0.046 0.093 0.219 3.232
0.167 -0.095 0.167 3.868
0.272 -0.056 0.181 2.616
0.015 0.002 -0.264 2.948
-0.379 0.088 0.179 3.153
0.104 0.118 0.054 3.532
0.186 -0.191 0.079 2.751
-0.087 -0.030 -0.639 5.501
0.415 0.268 0.274 6.657
-0.062 -0.045 -0.097 3.704
0.062 0.096 -0.088 2.692
-0.246 -0.137 -0.060 5.839
0.186 -0.080 -0.005 5.093
0.236 -0.088 0.236 3.152
-0.002 0.363 0.437 13.440
0.490 -0.093 0.265 3.153
0.567 -0.155 0.520 12.074
0.113 -0.085 -0.060 3.772
0.382 0.004 0.163 4.726
0.316 -0.058 0.122 2.692
0.197 -0.330 0.417 5.755
-0.345 0.286 0.245 10.444
0.022 0.179 0.101 4.467
0.316 -0.321 0.206 15.640
0.253 -0.370 0.468 27.284
0.111 -0.186 0.088 2.400
-0.232 -0.024 0.199 4.158
0.183 0.190 0.020 2.863
0.032 0.122 0.024 2.240
-0.049 0.086 0.011 2.848
0.296 -0.082 0.081 5.788
-0.113 0.041 -0.032 2.311
-0.119 0.341 0.439 4.127
-0.076 -0.027 -0.274 4.086
-0.501 -0.374 0.024 20.871
-0.283 0.025 0.273 4.612
0.025 -0.035 -0.263 2.517
0.037 -0.024 -0.003 2.545
-0.068 0.159 0.216 3.680
0.132 -0.021 0.166 6.527
0.239 0.155 0.102 2.778
-0.296 -0.190 0.326 2.823
-0.018 0.063 -0.656 4.544
0.146 -0.282 0.353 4.608
-0.083 0.022 -0.620 6.028
-0.000 0.563 0.029 32.817
0.312 -0.112 0.255 3.022
0.091 -0.076 0.078 4.490
-0.131 -0.110 0.020 2.545
-0.348 -0.047 0.358 5.230
-0.567 -0.154 0.569 17.807
0.335 0.614 0.255 37.104
0.076 -0.020 0.105 4.729
0.101 0.017 -0.063 1.672
0.063 0.145 0.193 5.103
0.021 0.046 -0.723 7.960
-0.001 -0.123 -0.701 12.784
0.288 0.094 0.131 3.879
0.341 0.210 0.400 4.124
-0.198 -0.181 0.110 2.599
-0.473 -0.126 0.157 7.280
-0.064 -0.057 -0.756 10.433
-0.372 0.019 0.167 3.572
0.328 -0.009 0.120 3.771
0.306 0.036 0.106 3.022
0.550 -0.162 0.280 5.111
0.017 0.301 -0.005 6.284
-0.081 -0.007 -0.114 4.438
0.466 -0.148 0.230 2.316
0.040 -0.141 -0.620 9.831
0.009 -0.045 0.038 3.562
-0.060 -0.114 -0.777 6.400
-0.165 -0.380 0.175 4.835
0.027 -0.105 -0.648 13.083
-0.181 -0.121 0.318 1.944
0.416 -0.047 0.389 6.432
0.338 0.112 0.334 3.357
-0.256 0.035 0.073 1.811
-0.181 0.254 0.446 2.400
0.662 -0.193 0.615 25.694
0.157 0.057 -0.076 3.694
0.249 -0.169 0.088 3.283
0.052 0.041 -0.765 8.078
0.122 0.051 0.056 2.978
-0.244 0.119 0.128 3.548
-0.083 0.195 0.111 4.047
0.585 -0.182 0.555 15.888
-0.123 -0.024 -0.086 5.682
-0.327 -0.126 0.355 2.215
0.074 0.020 0.018 3.885
0.070 0.258 0.178 6.706
-0.043 -0.084 -0.013 2.929
-0.261 0.358 0.550 13.268
-0.097 0.153 0.315 3.813
-0.054 -0.107 -0.840 11.267
-0.038 0.022 -0.067 2.470
0.029 -0.001 -0.490 6.605
-0.060 -0.123 0.074 4.401
0.250 0.065 0.193 5.160
0.076 0.121 0.151 5.136
0.107 0.138 0.076 4.336
-0.245 -0.105 0.157 5.128
0.106 -0.016 -0.074 2.460
-0.360 0.258 0.242 10.876
0.566 -0.125 0.311 4.859
0.471 -0.084 0.224 4.677
-0.338 -0.298 0.419 15.896
-0.420 -0.072 0.437 3.723
0.148 0.204 0.053 3.557
-0.166 0.167 0.111 4.098
-0.360 0.124 0.393 3.845
0.044 0.348 0.223 8.323
0.177 -0.275 0.356 4.319
0.234 -0.245 0.136 3.119
-0.150 0.348 0.433 2.499
-0.195 0.081 0.071 6.202
0.595 -0.136 0.299 4.287
-0.344 -0.306 0.237 5.185
-0.188 -0.117 0.152 4.701
-0.203 -0.096 0.062 5.949
0.235 0.464 0.567 17.566
0.215 0.086 0.071 3.951
0.519 -0.152 0.479 6.386
0.013 -0.111 -0.803 12.223
0.069 0.072 -0.103 3.847
-0.210 0.098 0.090 3.900
-0.148 -0.217 0.249 6.120
0.322 0.515 0.219 16.900
0.605 0.096 0.294 11.602
-0.146 0.205 0.120 5.627
0.490 -0.153 0.246 3.123
-0.277 -0.183 -0.046 7.474
-0.015 -0.013 -0.572 5.297
-0.031 0.143 0.054 4.781
-0.173 -0.375 0.400 6.817
-0.126 -0.346 0.384 5.233
0.195 0.035 0.087 5.363
0.222 -0.060 0.090 2.142
0.107 -0.019 -0.212 5.030
0.214 -0.359 0.211 4.450
-0.439 -0.124 0.448 8.038
0.041 0.130 0.204 4.453
0.015 0.280 0.193 1.764
-0.124 0.202 0.145 3.588
-0.045 -0.103 -0.871 12.933
-0.092 -0.040 -0.159 5.128
-0.092 -0.266 0.235 1.852
0.052 0.245 0.155 4.893
0.098 -0.031 -0.730 10.926
0.306 0.183 0.356 2.701
0.034 -0.026 0.043 3.929
-0.060 0.033 -0.793 6.376
0.460 0.033 0.215 2.673
0.073 0.156 -0.078 2.743
-0.208 0.480 0.571 12.912
0.063 -0.229 0.086 1.725
0.111 -0.006 -0.100 3.449
-0.208 0.353 0.245 2.920
0.060 -0.028 -0.056 1.531
0.346 0.164 0.190 3.205
-0.118 0.174 0.135 4.033
0.139 -0.097 0.136 4.866
0.188 -0.007 0.065 3.942
-0.154 0.065 0.021 2.424
-0.317 -0.063 0.306 3.912
-0.428 0.127 0.252 4.430
0.320 -0.050 0.260 2.421
0.531 0.343 0.338 23.839
-0.144 -0.340 0.149 4.157
-0.135 0.251 0.316 3.119
0.032 -0.073 -0.543 8.366
0.060 0.075 0.029 4.421
-0.508 0.119 0.253 5.905
0.358 0.139 0.200 4.217
-0.275 -0.041 0.258 5.323
-0.129 -0.309 0.126 4.763
0.036 -0.106 -0.844 9.066
-0.089 0.077 0.060 2.427
-0.178 0.142 0.103 4.688
-0.299 -0.051 0.026 6.805
0.002 -0.136 -0.673 12.595
-0.110 0.012 0.000 2.307
-0.282 -0.208 0.310 2.559
-0.078 0.094 0.019 2.018
0.106 -0.008 -0.247 6.585
0.164 -0.027 0.189 8.649
-0.075 -0.219 0.231 1.668
0.246 0.025 0.056 4.739
-0.339 0.061 0.173 2.589
-0.063 -0.052 0.158 4.819
-0.068 -0.142 -0.620 7.434
0.356 -0.045 0.339 4.037
-0.173 -0.198 0.055 4.226
-0.237 -0.180 0.249 3.221
0.330 0.150 0.153 3.838
-0.096 0.269 0.361 3.026
-0.474 -0.102 0.485 8.895
0.163 0.094 0.018 3.589
0.133 -0.040 0.140 3.430
-0.113 -0.178 0.000 2.877
-0.215 0.011 0.064 1.634
-0.106 0.087 0.099 3.086
0.199 0.330 0.134 2.317
-0.087 0.162 0.105 2.312
-0.492 0.088 0.240 4.678
-0.039 0.165 0.091 2.576
-0.156 0.252 0.341 3.451
0.397 -0.026 0.379 8.807
-0.232 0.086 0.248 3.499
0.223 -0.347 0.439 12.402
-0.098 -0.051 0.048 4.830
-0.020 0.032 0.152 2.668
-0.135 0.361 0.455 3.044
0.024 -0.093 0.080 5.982
-0.402 0.102 0.199 4.546
0.061 -0.049 -0.870 7.793
-0.241 0.077 0.121 4.444
-0.206 0.153 0.117 3.692
-0.036 0.156 0.282 5.520
-0.205 -0.079 0.337 7.159
-0.056 0.145 0.071 1.780
-0.073 -0.028 -0.183 2.937
0.077 -0.025 -0.151 4.874
0.039 0.021 0.034 4.099
-0.068 0.165 0.300 5.612
-0.079 -0.372 0.335 4.336
-0.088 0.055 -0.620 9.697
0.099 0.017 -0.721 7.580
-0.230 0.004 0.203 3.853
-0.033 -0.201 0.145 6.839
0.115 -0.090 -0.620 6.603
0.175 0.218 0.051 4.137
-0.082 -0.027 0.041 5.525
-0.260 -0.154 0.130 5.809
-0.016 -0.073 -0.007 1.716
0.083 -0.029 -0.648 3.530
0.064 0.374 0.000 7.270
-0.078 -0.158 -0.012 4.470
-0.139 0.331 0.218 2.527
-0.165 -0.144 0.066 3.599
-0.151 -0.058 0.280 3.741
-0.014 0.046 -0.724 8.488
0.054 -0.040 -0.362 4.617
0.059 -0.174 0.034 2.005
-0.013 -0.010 -0.263 2.668
0.217 -0.176 0.066 3.467
-0.295 -0.011 0.106 4.198
0.367 -0.106 0.146 2.632
-0.037 -0.070 -0.648 3.400
-0.153 -0.145 0.002 2.524
0.290 0.119 0.113 3.953
0.080 -0.070 -0.873 8.375
-0.039 -0.040 -0.648 3.432
0.049 0.153 0.217 5.582
0.226 -0.119 0.051 2.345
-0.092 -0.033 -0.129 3.302
0.275 -0.060 0.054 6.333
0.300 0.502 0.206 11.292
-0.390 0.068 0.396 2.636
-0.191 -0.052 0.116 6.133
-0.083 -0.020 -0.670 5.737
-0.178 -0.133 -0.085 4.365
-0.012 -0.242 0.205 2.596
0.090 -0.213 0.250 5.395
-0.443 -0.078 0.460 4.667
-0.164 0.285 0.379 1.829
0.009 0.001 -0.341 4.137
-0.237 0.047 0.092 2.321
0.013 0.386 0.446 16.577
-0.309 -0.278 0.211 4.527
-0.313 0.007 0.118 2.926
0.077 -0.005 -0.044 3.077
0.041 0.066 -0.046 1.601
-0.066 0.172 0.087 1.380
0.149 -0.022 -0.030 4.357
-0.031 0.043 0.176 2.806
-0.340 -0.048 0.056 6.581
0.253 0.050 0.089 4.980
-0.236 -0.029 0.052 3.866
-0.226 -0.062 -0.028 3.726
-0.123 0.154 0.350 2.919
0.126 0.033 -0.116 5.364
-0.004 0.443 0.023 10.998
-0.061 0.048 -0.710 5.124
-0.312 -0.092 0.302 3.201
0.005 -0.058 -0.870 10.042
-0.078 -0.029 -0.244 2.640
0.212 0.176 0.297 8.816
-0.277 0.079 0.143 2.834
0.431 0.305 0.256 5.863
-0.085 0.179 0.321 3.463
0.223 -0.148 0.055 3.057
-0.279 0.076 0.275 2.773
-0.090 0.226 0.385 4.228
-0.118 0.230 0.295 2.578
0.409 0.073 0.191 3.808
0.392 -0.053 0.370 5.290
0.013 -0.121 0.080 2.402
-0.392 0.064 0.170 2.922
-0.141 -0.066 -0.087 4.248
-0.078 -0.107 0.211 3.228
-0.435 -0.119 0.136 3.785
-0.315 0.256 0.220 9.959
-0.069 0.196 0.343 1.938
0.140 -0.115 -0.015 5.681
-0.053 0.064 -0.620 6.703
-0.141 -0.187 0.212 3.924
-0.182 0.417 0.503 7.458
-0.360 0.105 0.206 2.762
0.083 -0.190 0.061 2.831
-0.152 0.191 0.396 2.362
0.051 -0.143 0.019 2.777
0.189 -0.308 0.391 19.968
-0.091 -0.140 0.089 4.648
0.113 -0.003 -0.620 5.585
-0.110 0.204 0.120 3.717
0.652 -0.174 0.331 12.690
0.079 0.102 0.126 4.488
-0.016 0.163 0.074 6.472
-0.096 0.114 0.302 6.089
0.017 0.227 0.319 5.666
-0.129 0.010 0.023 5.235
0.060 -0.017 -0.129 3.098
-0.050 -0.018 -0.120 4.098
-0.067 -0.077 -0.734 10.248
-0.069 0.018 -0.716 4.836
-0.170 0.026 0.008 5.697
-0.041 -0.264 0.218 1.606
-0.012 0.051 -0.001 3.175
-0.094 -0.061 -0.001 1.969
0.071 0.055 0.002 3.181
0.023 0.268 -0.014 5.079
-0.004 -0.073 -0.648 2.817
0.245 -0.136 0.076 3.572
-0.368 -0.301 0.428 13.672
-0.194 0.507 0.353 17.173
0.418 -0.086 0.181 2.734
-0.198 0.002 0.005 2.155
-0.212 0.054 0.187 4.993
0.347 0.138 0.348 4.546
-0.251 -0.005 0.108 4.203
0.080 0.045 -0.731 7.228
-0.188 0.063 0.174 3.503
0.165 0.181 0.252 6.420
-0.668 -0.174 0.651 38.498
0.330 0.163 0.337 2.652
0.104 0.455 0.280 13.501
0.399 0.249 0.459 7.849
-0.059 -0.014 -0.648 2.966
-0.111 0.071 0.013 2.852
-0.192 0.008 0.038 3.821
-0.082 0.145 0.185 5.745
0.039 0.317 -0.018 3.917
-0.001 0.343 0.234 3.235
0.078 0.051 -0.120 4.921
0.335 0.135 0.179 1.991
-0.162 0.017 0.076 4.858
0.329 -0.235 0.174 3.313
0.096 -0.117 -0.746 10.655
0.088 0.157 0.087 5.025
0.027 0.462 0.014 24.102
0.038 -0.007 0.021 3.561
0.088 -0.006 -0.819 9.327
-0.006 0.053 0.137 6.996
-0.121 0.144 0.189 3.861
0.266 -0.222 0.117 2.692
0.051 -0.021 -0.430 7.144
-0.061 -0.046 -0.783 11.079
0.708 -0.190 0.389 24.769
-0.236 -0.132 0.372 2.778
0.160 0.038 -0.005 3.190
-0.251 -0.507 0.256 14.780
0.276 0.135 0.137 3.930
-0.087 0.241 0.327 2.272
-0.234 -0.131 0.227 3.044
0.484 -0.169 0.470 6.108
-0.508 0.110 0.291 6.682
0.089 0.140 0.183 4.888
-0.063 0.013 -0.763 6.357
-0.201 0.546 0.620 24.375
0.188 0.285 0.384 3.963
0.288 -0.390 0.496 27.363
-0.110 -0.395 0.344 4.701
-0.043 -0.061 -0.067 3.479
0.060 0.285 0.183 3.041
0.320 -0.266 0.171 3.828
0.459 -0.163 0.445 5.884
-0.124 -0.112 0.259 4.593
-0.084 0.186 0.249 1.741
0.201 0.238 0.341 3.580
-0.077 -0.215 0.185 4.357
-0.202 0.394 0.264 4.563
0.268 0.192 0.142 4.018
-0.221 -0.070 0.179 6.053
0.090 -0.034 -0.263 4.993
-0.351 -0.093 0.340 4.540
-0.119 0.283 0.187 2.510
-0.058 0.044 0.017 2.648
0.046 -0.013 -0.870 8.741
-0.086 -0.181 0.011 4.415
-0.101 -0.296 0.331 2.756
0.055 -0.021 0.079 4.564
-0.164 0.228 0.148 4.879
-0.358 -0.226 -0.013 5.584
-0.181 0.046 0.144 6.343
0.619 -0.147 0.342 9.253
0.048 0.174 0.238 3.222
0.046 -0.053 -0.077 2.445
0.199 0.065 0.042 3.709
0.117 0.026 -0.650 8.378
-0.102 0.262 0.196 3.416
0.022 0.001 -0.436 6.611
-0.097 0.169 0.215 4.672
0.190 0.186 0.279 7.239
-0.177 -0.077 -0.046 3.867
-0.311 0.019 0.159 2.845
-0.291 0.171 0.177 4.138
0.384 0.036 0.154 4.745
-0.234 -0.535 0.553 38.977
-0.013 -0.064 -0.392 6.115
-0.127 -0.097 -0.063 3.446
-0.147 0.219 0.299 3.548
0.420 0.264 0.481 6.758
-0.152 -0.101 0.272 4.760
0.390 -0.328 0.235 11.160
-0.009 -0.103 -0.873 10.234
-0.032 -0.292 0.262 2.473
-0.053 -0.074 0.143 4.257
0.353 0.170 0.359 3.188
-0.149 0.281 0.456 3.022
0.264 0.281 0.107 3.108
0.246 -0.032 0.152 3.599
0.042 -0.126 0.050 3.546
0.233 -0.221 0.113 2.855
-0.201 0.048 0.068 4.554
0.318 0.196 0.378 2.724
0.294 -0.197 0.136 3.129
-0.035 0.117 0.042 3.912
0.378 -0.062 0.154 2.589
-0.017 -0.113 0.055 2.032
0.454 -0.145 0.421 4.511
0.075 -0.121 -0.723 9.746
-0.175 -0.161 0.086 5.254
-0.023 -0.042 -0.488 4.001
-0.010 0.454 0.502 21.345
0.047 -0.161 0.159 11.155
0.197 0.166 0.015 2.249
-0.366 -0.273 -0.012 15.026
-0.111 -0.159 -0.022 4.580
-0.277 0.058 0.252 3.302
0.547 -0.133 0.266 3.935
0.017 0.522 0.025 27.031
0.062 0.007 -0.010 3.268
-0.380 -0.109 0.383 4.323
0.200 0.094 0.192 3.943
-0.004 -0.039 -0.263 3.228
0.482 -0.163 0.271 5.580
-0.164 -0.064 -0.071 2.838
0.120 0.065 0.085 3.340
-0.209 -0.020 0.019 2.923
-0.142 -0.045 0.092 5.489
-0.038 0.057 -0.690 6.384
-0.147 0.146 0.105 3.995
-0.086 0.039 -0.044 2.233
-0.304 0.061 0.287 2.025
-0.216 0.012 0.176 4.615
0.024 -0.115 -0.019 2.392
-0.055 0.218 0.130 4.062
-0.049 -0.060 -0.873 11.392
0.359 -0.341 0.223 13.154
0.457 0.077 0.218 6.888
0.029 -0.000 -0.294 3.681
-0.145 0.102 0.055 4.512
0.086 0.032 -0.836 9.649
0.253 -0.031 0.065 3.052
0.150 0.218 0.314 2.686
-0.061 0.091 0.106 3.161
0.210 -0.092 0.211 4.308
0.064 0.127 -0.079 3.759
-0.082 -0.046 -0.683 8.863
-0.011 -0.066 -0.267 3.539
-0.183 -0.452 0.482 11.675
0.046 0.049 0.086 5.123
-0.056 0.193 0.106 2.036
0.001 0.006 -0.648 4.595
-0.085 -0.242 0.212 2.385
0.219 0.017 0.130 4.609
0.331 -0.081 0.260 2.447
-0.412 0.042 0.192 4.415
0.080 -0.059 -0.648 7.607
-0.472 0.100 0.476 9.428
-0.069 -0.043 0.022 4.603
0.016 -0.103 0.010 1.741
0.157 -0.040 0.164 5.384
0.249 -0.357 0.223 13.528
0.001 0.034 -0.827 8.899
-0.222 0.004 0.026 2.208
0.124 0.076 -0.070 2.653
0.109 -0.138 -0.620 7.100
0.089 0.079 0.086 4.147
-0.018 0.086 0.172 2.754
0.431 -0.129 0.385 4.981
-0.022 -0.026 -0.533 5.119
0.221 0.281 0.400 3.222
-0.116 -0.269 0.094 5.296
-0.201 0.421 0.276 3.035
0.180 0.303 0.412 6.198
-0.139 -0.131 -0.023 2.516
0.595 -0.135 0.329 5.616
-0.120 -0.277 0.296 2.378
0.038 -0.005 -0.332 4.322
-0.198 -0.374 0.426 4.818
-0.282 -0.100 0.186 2.502
0.016 -0.077 -0.281 3.001
0.248 0.144 0.139 4.134
0.412 0.019 0.183 7.107
0.326 0.543 0.230 22.478
0.097 -0.006 -0.167 3.975
0.096 -0.050 -0.118 3.444
0.574 -0.147 0.281 4.113
-0.566 -0.087 0.183 14.237
0.055 -0.038 -0.331 1.980
0.370 -0.302 0.217 7.242
0.034 0.185 0.264 3.232
0.312 -0.068 0.238 3.276
-0.541 -0.163 0.560 9.170
0.191 -0.165 0.051 2.522
0.082 -0.034 -0.297 2.838
-0.158 0.120 0.076 3.536
-0.181 0.345 0.254 5.792
0.058 -0.093 -0.648 11.372
0.017 -0.134 -0.634 13.141
0.072 -0.079 0.055 2.683
0.186 -0.095 0.187 4.053
-0.391 -0.146 0.246 6.844
-0.149 0.162 0.245 5.446
-0.151 -0.312 0.330 2.394
0.114 0.009 -0.026 3.292
0.480 -0.135 0.432 5.217
-0.200 -0.001 0.155 5.754
-0.441 0.088 0.446 4.920
-0.602 -0.090 0.201 18.530
-0.070 -0.046 -0.709 8.413
-0.186 0.469 0.329 6.434
-0.155 -0.014 -0.047 4.778
-0.023 -0.034 -0.394 6.984
-0.010 0.527 0.029 27.570
0.044 -0.120 -0.728 12.420
-0.435 -0.046 0.118 6.572
-0.215 -0.016 0.177 3.616
-0.254 0.181 0.150 3.128
-0.017 -0.141 -0.620 5.463
-0.067 -0.053 -0.164 2.829
-0.103 -0.131 -0.055 2.607
0.254 0.079 0.093 4.101
-0.139 0.180 0.098 6.097
0.034 0.224 0.134 4.149
0.050 0.146 -0.062 3.384
0.078 -0.064 -0.058 3.229
-0.095 -0.223 0.054 3.341
0.056 0.048 -0.706 6.200
-0.008 -0.214 0.166 5.822
-0.065 -0.277 0.228 2.383
0.174 -0.016 0.030 1.796
-0.111 -0.148 0.129 5.523
-0.130 0.165 0.223 4.347
-0.014 -0.063 -0.333 2.963
-0.192 -0.325 0.386 5.479
0.204 0.406 0.520 9.156
0.255 0.528 0.622 43.390
0.047 0.064 -0.649 4.713
0.440 -0.082 0.408 5.020
0.039 -0.100 0.111 3.688
0.086 0.007 -0.145 2.911
-0.137 -0.090 0.246 8.093
0.249 0.359 0.491 9.906
-0.212 0.421 0.312 3.844
0.411 0.190 0.434 3.775
-0.417 -0.338 0.016 10.347
0.134 0.173 0.258 6.718
0.055 0.096 0.050 2.580
-0.158 -0.015 0.077 6.078
0.067 0.317 -0.016 4.263
-0.566 0.134 0.283 15.308
0.237 0.214 0.062 2.610
0.475 0.283 0.298 5.108
0.103 0.008 -0.694 6.445
0.024 -0.075 -0.341 4.334
0.087 0.369 0.237 2.994
-0.026 0.043 -0.752 7.320
0.019 -0.125 0.032 2.829
0.351 -0.003 0.139 5.507
0.055 -0.079 -0.043 2.457
-0.089 -0.121 -0.620 8.408
-0.250 0.061 0.231 3.475
-0.310 0.036 0.306 3.108
0.273 0.545 0.637 39.239
-0.158 -0.415 0.451 4.916
-0.149 -0.448 0.393 3.982
-0.003 -0.002 -0.293 2.936
-0.308 -0.151 0.440 2.620
-0.206 -0.139 0.186 4.909
0.073 0.400 0.252 7.722
-0.032 0.004 -0.648 3.748
-0.020 0.097 0.020 2.880
0.107 -0.219 0.089 2.153
-0.032 -0.071 -0.040 2.773
-0.235 0.319 0.517 6.456
0.037 -0.067 -0.870 10.545
0.188 0.149 0.238 3.226
0.130 -0.072 0.123 3.390
0.290 -0.227 0.138 3.204
-0.457 -0.326 0.016 17.324
0.631 -0.157 0.317 8.935
-0.161 0.357 0.231 2.253
-0.521 -0.118 0.529 8.970
0.241 0.297 0.103 3.238
-0.020 -0.120 -0.726 11.784
0.020 0.154 0.085 4.388
0.219 0.125 0.113 3.840
-0.315 -0.224 0.356 5.308
-0.202 0.363 0.277 3.556
0.072 0.033 -0.648 5.408
0.589 -0.169 0.302 4.229
0.472 -0.094 0.442 2.545
0.356 -0.129 0.318 4.533
0.074 0.119 0.049 5.582
-0.149 -0.052 0.063 5.442
-0.051 -0.059 -0.139 3.708
-0.308 -0.202 0.180 4.893
-0.084 0.008 -0.665 4.085
-0.133 -0.081 0.055 4.921
0.028 -0.137 -0.661 11.954
0.508 -0.155 0.279 5.699
0.170 0.049 -0.030 3.254
0.470 -0.115 0.242 4.361
0.287 -0.409 0.252 13.204
0.031 -0.114 -0.776 13.163
0.401 0.209 0.240 3.612
-0.267 0.057 0.119 3.178
-0.029 0.072 -0.014 3.561
-0.538 -0.112 0.171 10.776
0.100 0.057 -0.020 2.317
-0.063 -0.300 0.254 2.301
-0.046 -0.118 -0.747 6.323
-0.408 0.063 0.230 4.361
0.142 -0.203 0.296 3.105
-0.136 -0.050 -0.062 4.439
-0.227 0.577 0.388 32.103
0.333 0.209 0.169 2.930
-0.534 0.127 0.268 10.177
0.103 -0.021 -0.692 6.323
0.173 0.063 0.120 4.644
0.370 0.189 0.189 2.852
-0.247 -0.481 0.244 16.509
0.339 -0.297 0.192 5.533
-0.127 0.250 0.175 4.706
0.310 -0.051 0.094 3.453
-0.513 -0.093 0.153 6.538
-0.153 -0.347 0.374 4.371
-0.022 -0.049 -0.515 5.061
0.081 0.067 -0.623 8.467
0.380 -0.140 0.353 6.030
-0.593 0.162 0.336 21.522
0.100 0.392 0.253 4.368
0.083 -0.024 -0.097 3.025
0.146 0.081 -0.002 3.662
-0.012 -0.009 -0.319 2.463
-0.123 -0.026 -0.121 4.497
-0.127 -0.119 -0.045 3.766
0.010 -0.196 0.149 4.491
0.389 -0.145 0.208 2.661
0.015 -0.120 -0.730 14.063
0.224 0.044 0.054 4.163
0.715 -0.198 0.651 52.439
0.364 0.197 0.390 3.879
0.224 0.281 0.087 4.156
0.153 0.123 0.167 4.729
-0.350 0.084 0.186 2.269
-0.165 -0.358 0.158 5.107
0.119 0.132 0.202 4.378
0.025 0.307 0.197 2.113
0.223 -0.061 0.220 3.020
0.273 -0.164 0.109 2.860
0.030 -0.069 -0.648 3.454
-0.362 -0.274 0.418 12.506
0.387 0.277 0.230 6.375
0.368 -0.024 0.361 4.781
0.427 -0.019 0.406 14.236
0.087 -0.110 -0.812 8.046
0.062 0.332 0.206 2.491
0.121 0.068 0.004 3.061
0.160 -0.277 0.144 2.274
0.369 0.238 0.198 3.620
-0.262 -0.102 0.391 2.814
-0.018 -0.017 -0.603 5.726
0.039 -0.064 -0.263 2.923
0.394 0.166 0.411 4.400
0.075 0.049 -0.077 1.728
0.118 0.066 -0.635 9.595
-0.171 0.385 0.249 2.665
0.040 0.273 0.166 3.678
0.109 0.124 0.170 6.054
0.226 0.096 0.204 4.785
-0.120 0.212 0.266 4.415
0.416 -0.146 0.224 2.262
-0.184 -0.167 0.217 2.989
0.095 -0.041 -0.758 10.808
0.249 0.098 0.069 4.682
-0.212 -0.445 0.484 8.585
-0.336 -0.211 -0.021 4.666
-0.276 0.412 0.286 8.080
-0.472 0.114 0.237 4.046
0.454 0.321 0.270 5.625
-0.128 0.107 0.155 3.583
0.481 0.055 0.223 4.184
-0.465 0.088 0.220 3.905
-0.092 0.206 0.358 2.439
0.003 0.139 0.061 5.638
-0.278 0.017 0.082 2.459
0.023 -0.143 -0.012 3.053
0.039 -0.129 0.120 3.044
-0.064 -0.024 -0.757 8.897
0.461 0.261 0.494 10.082
0.074 -0.015 -0.247 4.418
0.398 0.255 0.215 3.618
-0.014 -0.012 -0.630 6.405
-0.163 0.254 0.424 2.137
-0.484 0.096 0.278 5.080
-0.282 0.046 0.098 2.608
-0.197 0.270 0.467 6.187
-0.222 0.584 0.650 33.727
0.093 0.217 -0.046 3.871
0.523 -0.138 0.252 4.404
0.006 0.035 -0.028 2.658
-0.399 -0.117 0.119 3.418
0.080 -0.002 -0.282 4.176
-0.108 -0.175 0.155 4.371
-0.135 -0.258 0.268 2.008
-0.113 -0.087 0.220 8.589
0.125 -0.023 -0.119 3.429
0.112 -0.112 -0.645 6.950
0.014 0.255 0.344 3.822
0.145 0.059 0.072 3.347
0.168 -0.055 -0.045 4.578
0.229 0.079 0.178 4.883
-0.026 -0.048 -0.097 3.659
0.368 0.232 0.239 5.827
-0.644 -0.169 0.632 28.943
0.036 0.350 -0.012 6.924
0.172 0.016 0.035 3.951
0.212 -0.034 0.224 3.897
0.022 0.029 -0.051 2.927
0.191 0.119 0.211 3.282
-0.077 -0.041 0.186 3.793
0.123 -0.203 0.271 2.171
0.268 -0.044 0.262 2.484
-0.033 0.068 0.189 3.482
-0.451 0.061 0.217 3.748
0.043 -0.066 -0.474 7.064
0.160 0.051 0.097 4.473
0.240 0.320 0.452 4.801
-0.183 -0.432 0.210 3.771
0.041 -0.008 -0.455 8.522
-0.384 -0.246 -0.004 8.306
-0.177 -0.029 0.103 6.364
0.038 -0.026 -0.101 2.576
0.093 -0.012 -0.778 11.334
-0.276 -0.208 0.151 2.647
0.189 -0.061 0.186 4.119
0.062 0.060 -0.680 5.972
0.157 -0.262 0.329 3.390
0.204 -0.214 0.104 2.878
-0.099 -0.111 -0.081 3.882
0.051 -0.020 -0.303 2.496
-0.008 -0.030 -0.870 8.788
-0.342 -0.292 0.006 8.598
0.011 0.334 0.004 4.688
-0.212 0.449 0.296 4.257
-0.173 0.294 0.192 2.794
0.017 0.115 0.059 3.717
0.607 -0.186 0.573 17.757
0.624 -0.181 0.349 12.363
0.197 0.135 0.071 5.446
-0.179 -0.022 -0.065 3.542
0.145 0.097 -0.058 3.710
-0.128 -0.156 0.163 4.821
-0.207 -0.194 0.262 2.621
-0.138 0.371 0.273 4.001
-0.028 -0.090 0.136 4.748
-0.166 -0.238 0.289 2.805
-0.043 -0.056 0.123 5.160
-0.138 0.002 -0.028 4.695
0.247 0.130 0.265 3.031
-0.219 0.075 0.221 4.015
-0.083 0.223 0.305 4.409
-0.231 -0.404 0.203 3.500
0.254 0.131 0.081 3.770
0.426 -0.417 0.280 27.754
-0.188 -0.096 0.120 5.811
0.400 0.227 0.215 3.595
-0.175 -0.269 0.325 2.537
0.002 -0.028 0.063 4.031
-0.022 0.215 0.134 4.459
0.007 0.042 -0.758 9.601
0.324 0.182 0.149 3.442
0.304 -0.016 0.323 5.986
0.263 0.506 0.605 30.824
0.027 0.086 -0.018 2.760
-0.277 -0.250 0.185 2.294
-0.136 0.150 0.074 4.002
0.049 0.219 0.277 3.437
0.128 0.045 -0.056 1.476
-0.154 -0.223 0.054 1.453
-0.294 -0.231 0.171 2.216
-0.010 0.240 0.151 2.471
0.101 -0.071 -0.704 7.134
-0.017 -0.110 -0.815 10.801
-0.096 -0.191 0.177 4.168
0.090 -0.031 -0.802 11.418
-0.215 0.477 0.340 12.818
-0.473 -0.387 0.028 21.515
-0.152 -0.116 -0.097 4.124
0.323 0.126 0.314 2.531
0.253 -0.097 0.079 2.329
0.580 0.088 0.280 8.781
-0.247 -0.047 0.211 4.210
0.167 0.072 0.040 4.124
0.056 0.228 -0.046 5.156
-0.236 0.010 0.088 2.636
-0.045 -0.050 -0.007 3.212
-0.160 0.319 0.202 1.260
-0.297 -0.105 0.057 4.535
0.153 0.183 0.031 2.550
-0.081 -0.139 -0.648 7.239
-0.030 -0.122 -0.049 3.876
-0.073 -0.150 0.117 5.122
-0.223 0.122 0.107 3.361
-0.165 -0.120 0.136 5.483
-0.160 -0.060 0.005 2.178
0.030 0.279 0.347 3.393
-0.134 -0.096 0.083 4.689
0.206 0.047 0.113 4.820
-0.137 0.173 0.374 1.654
0.080 -0.020 -0.873 8.638
-0.140 -0.254 0.073 3.764
0.248 -0.061 0.137 2.675
0.265 0.074 0.220 3.941
0.041 0.049 -0.069 3.064
0.148 -0.225 0.128 2.234
0.374 0.163 0.215 3.203
-0.419 0.099 0.418 3.146
-0.241 -0.564 0.573 39.815
-0.171 -0.001 0.102 5.972
-0.364 -0.155 0.479 3.540
-0.026 -0.055 0.095 4.480
-0.165 0.323 0.231 1.581
-0.006 0.390 0.257 4.179
0.463 0.294 0.264 5.869
0.141 0.232 0.339 3.557
-0.155 -0.135 0.158 4.037
-0.106 0.116 0.045 7.007
0.226 0.341 0.128 2.227
0.261 0.365 0.140 3.835
0.045 0.281 -0.028 7.412
-0.388 -0.156 0.495 4.562
-0.061 -0.076 0.025 4.984
0.249 -0.022 0.272 6.172
-0.004 0.474 0.024 14.436
-0.287 0.036 0.132 2.115
0.456 -0.026 0.417 17.326
0.005 0.112 0.016 4.705
-0.003 0.037 -0.798 10.278
-0.128 -0.080 -0.131 3.878
-0.009 -0.035 -0.648 4.203
0.023 0.205 0.294 4.786
0.250 0.262 0.091 2.036
0.116 0.007 -0.144 4.355
0.055 -0.038 -0.458 6.510
0.061 -0.191 0.212 3.619
-0.199 -0.293 0.129 6.991
-0.122 0.208 0.364 2.774
-0.324 -0.109 0.076 2.332
-0.059 0.059 0.044 3.818
-0.083 -0.337 0.288 3.333
-0.153 -0.076 0.091 4.886
0.134 -0.098 -0.038 4.948
0.006 0.045 0.111 4.918
0.384 0.250 0.255 7.563
-0.095 -0.211 0.210 2.692
0.280 -0.080 0.276 2.256
0.139 -0.059 -0.042 3.994
-0.057 -0.107 -0.648 5.217
-0.170 -0.313 0.118 8.361
0.323 0.578 0.241 26.392
0.112 0.031 -0.622 7.678
0.303 -0.090 0.110 3.265
0.211 0.260 0.070 1.558
0.272 -0.112 0.213 2.280
0.080 0.063 -0.658 7.815
0.001 -0.031 -0.014 3.438
-0.368 -0.131 0.235 2.857
-0.016 -0.030 -0.291 7.748
0.318 0.100 0.161 2.830
0.054 -0.045 -0.512 6.042
-0.193 -0.141 0.069 3.258
-0.169 -0.147 0.182 3.919
-0.214 -0.427 0.202 3.501
0.002 0.075 -0.011 3.237
0.132 0.025 0.005 4.201
-0.434 0.087 0.203 3.839
0.268 0.480 0.207 9.870
-0.067 -0.115 -0.728 6.758
0.193 0.087 0.018 4.028
-0.030 0.036 -0.812 8.269
0.091 -0.088 -0.793 8.792
0.361 -0.060 0.315 2.280
-0.145 -0.277 0.093 3.336
-0.191 0.318 0.218 2.130
0.008 0.421 0.271 4.883
-0.378 -0.107 0.100 3.089
0.394 -0.075 0.352 4.160
0.355 0.061 0.154 5.807
-0.049 -0.220 0.171 6.863
-0.308 -0.278 0.390 16.265
0.001 -0.074 -0.599 4.253
0.056 -0.117 -0.757 13.830
0.119 0.039 0.030 2.935
-0.210 -0.141 -0.079 5.122
0.026 0.037 -0.806 10.378
-0.082 -0.119 -0.678 6.049
0.125 -0.241 0.109 2.994
-0.182 -0.411 0.438 7.564
-0.178 -0.100 -0.098 3.212
-0.024 -0.035 -0.322 2.485
0.438 0.280 0.285 7.211
-0.486 -0.082 0.141 4.557
0.445 0.056 0.199 3.339
0.013 0.209 0.118 3.383
0.000 -0.073 -0.368 5.298
0.192 -0.037 0.204 3.867
0.063 0.037 0.057 3.765
-0.011 -0.157 0.088 3.213
-0.008 0.450 0.284 4.594
-0.223 0.190 0.154 3.759
0.218 -0.306 0.410 12.039
0.096 0.033 -0.140 4.256
0.107 0.097 -0.099 4.870
-0.051 0.032 -0.846 8.974
-0.260 0.005 0.249 4.510
-0.086 0.249 0.160 6.295
-0.340 0.245 0.226 10.148
0.120 -0.035 -0.620 6.657
-0.235 0.146 0.123 3.960
-0.131 0.264 0.435 4.348
-0.249 -0.023 0.229 5.180
-0.058 -0.136 -0.671 6.718
-0.117 -0.048 0.012 3.430
-0.137 0.307 0.387 1.915
-0.249 -0.096 0.021 3.833
0.097 0.180 -0.061 3.100
-0.080 -0.067 -0.142 2.565
0.416 -0.095 0.371 4.188
0.506 -0.107 0.476 4.299
-0.170 -0.073 0.122 5.283
0.141 -0.247 0.307 4.035
-0.006 0.050 -0.691 7.285
0.089 -0.060 -0.804 10.361
-0.156 0.265 0.191 3.726
0.041 0.016 -0.081 3.216
-0.023 -0.045 -0.365 4.565
0.269 0.168 0.167 5.484
-0.180 0.293 0.472 2.973
-0.371 0.050 0.380 1.873
-0.206 -0.087 -0.015 2.153
-0.313 -0.138 0.210 1.990
-0.086 -0.055 -0.651 4.667
-0.339 0.004 0.142 2.686
-0.137 0.283 0.357 2.200
-0.065 -0.076 -0.648 3.996
-0.454 -0.363 0.020 14.953
0.028 -0.037 -0.648 4.702
-0.215 0.313 0.495 5.121
0.237 0.418 0.180 6.130
0.074 0.178 0.103 4.983
0.217 -0.003 0.008 4.135
-0.332 0.092 0.337 2.616
-0.094 -0.358 0.309 2.478
0.019 -0.155 0.086 3.270
-0.615 -0.147 0.611 24.390
0.238 0.345 0.469 6.234
-0.426 -0.358 0.496 20.271
0.019 -0.042 -0.071 3.580
0.390 0.196 0.408 4.356
0.007 0.321 0.217 4.271
-0.536 0.158 0.534 30.800
-0.243 -0.538 0.268 23.576
0.448 -0.434 0.292 36.616
0.038 0.132 0.088 4.778
0.354 -0.049 0.163 2.969
-0.151 -0.264 0.293 1.529
-0.149 -0.123 0.039 2.526
0.081 0.247 -0.038 4.466
-0.305 -0.174 -0.033 8.165
-0.228 -0.115 -0.070 5.057
0.224 0.092 0.042 3.708
0.095 0.052 0.044 3.238
-0.070 -0.092 -0.709 5.919
0.032 0.077 0.143 7.320
-0.089 0.026 -0.072 3.371
0.367 0.261 0.215 6.298
-0.435 -0.305 0.010 16.180
-0.192 -0.372 0.162 4.657
-0.374 0.070 0.200 2.889
0.161 -0.004 0.006 1.842
0.200 0.004 0.089 3.983
0.003 -0.162 0.006 2.973
0.023 -0.102 -0.873 10.368
-0.152 0.232 0.174 7.012
-0.375 -0.057 0.387 3.675
0.300 0.117 0.145 3.414
-0.015 -0.013 -0.348 3.679
0.080 0.039 -0.783 9.591
-0.432 0.073 0.246 4.027
0.022 -0.076 -0.620 4.219
0.337 -0.053 0.284 2.647
0.007 0.409 0.467 18.591
-0.035 -0.106 -0.072 3.401
-0.143 -0.165 0.194 4.810
-0.186 0.348 0.454 3.070
0.081 -0.053 -0.085 3.609
-0.173 0.458 0.545 26.394
0.046 0.166 0.113 4.094
-0.151 0.326 0.405 2.016
-0.057 -0.247 0.199 2.095
-0.096 0.133 0.070 4.062
0.305 0.443 0.189 11.589
-0.039 -0.044 -0.273 3.936
-0.091 0.033 -0.001 1.978
0.234 0.105 0.097 4.236
-0.543 -0.074 0.173 10.152
-0.498 -0.403 0.030 21.978
-0.190 0.319 0.436 2.134
-0.211 0.034 0.157 3.641
0.217 0.340 0.443 5.359
-0.092 -0.030 -0.100 3.740
-0.465 -0.103 0.136 4.883
-0.363 0.038 0.200 4.751
-0.052 0.041 -0.764 4.885
-0.338 -0.278 0.395 19.659
0.036 -0.071 -0.308 4.770
-0.057 0.012 -0.816 7.222
0.241 0.004 0.034 3.049
-0.066 0.033 -0.014 1.549
0.167 -0.023 -0.054 4.900
0.167 0.138 0.199 8.060
0.252 0.110 0.236 2.742
-0.125 -0.235 0.058 1.964
0.134 -0.019 -0.086 2.926
0.311 0.469 0.200 14.267
-0.205 -0.342 0.158 4.541
-0.086 -0.107 -0.652 6.748
-0.187 0.432 0.302 4.008
-0.107 -0.071 -0.111 3.206
0.043 0.259 0.319 2.968
-0.179 -0.120 0.042 4.513
-0.130 -0.066 -0.033 2.709
-0.452 0.120 0.450 5.932
-0.062 0.078 0.079 3.555
0.393 -0.132 0.180 1.514
0.017 -0.027 0.018 3.572
-0.249 -0.103 0.251 3.864
0.118 -0.176 0.256 3.670
-0.095 -0.082 0.024 3.690
-0.263 0.035 0.239 3.411
0.239 0.297 0.433 4.197
0.354 0.031 0.132 3.488
-0.203 -0.178 0.237 3.055
-0.101 -0.115 0.241 5.396
0.054 -0.045 -0.557 2.299
0.125 -0.052 -0.100 3.905
0.006 0.075 0.022 3.256
0.440 -0.155 0.244 3.965
0.315 -0.045 0.304 2.698
0.058 -0.208 0.236 1.785
0.224 -0.322 0.201 3.725
-0.208 0.032 0.040 2.050
0.073 0.305 0.201 3.195
-0.174 0.408 0.266 2.325
0.379 -0.083 0.173 2.772
-0.067 -0.079 -0.026 3.847
0.072 -0.102 -0.873 9.502
-0.038 -0.112 -0.795 7.795
-0.354 0.072 0.350 2.365
-0.108 -0.052 -0.064 2.527
-0.332 0.032 0.175 1.737
-0.203 0.395 0.507 4.616
-0.334 0.109 0.196 2.408
0.033 -0.002 -0.360 5.172
-0.523 0.129 0.518 20.646
0.174 0.238 0.329 3.884
0.329 -0.100 0.117 1.988
0.346 -0.111 0.288 3.555
0.021 0.090 0.047 4.709
-0.222 -0.504 0.251 7.104
0.247 0.028 0.182 4.101
-0.345 0.041 0.351 1.883
0.255 0.405 0.530 11.714
-0.130 0.129 0.054 4.718
0.166 0.150 -0.011 3.349
-0.213 -0.463 0.225 7.071
0.481 -0.022 0.438 14.942
-0.322 -0.258 0.197 5.371
0.500 -0.132 0.456 3.524
0.353 -0.078 0.152 2.376
-0.003 -0.072 -0.513 5.652
0.055 0.409 0.008 11.046
-0.085 0.036 -0.659 5.860
0.129 0.095 0.133 3.268
0.010 0.059 -0.620 5.522
0.042 -0.053 -0.006 1.495
-0.053 -0.079 -0.850 11.308
-0.420 -0.067 0.104 3.687
-0.381 0.130 0.413 4.327
-0.321 -0.266 -0.007 6.315
-0.212 -0.023 -0.036 3.001
-0.518 -0.160 0.542 9.643
-0.009 -0.093 -0.066 3.262
-0.518 -0.131 0.179 9.412
-0.159 0.175 0.269 6.554
0.228 0.403 0.505 10.241
0.165 0.252 0.353 9.850
-0.461 0.095 0.261 3.792
-0.026 -0.135 -0.674 5.911
-0.177 -0.038 -0.012 1.527
-0.277 -0.084 0.026 4.787
0.495 -0.102 0.238 3.937
0.330 0.019 0.111 3.851
0.394 0.231 0.438 4.893
-0.418 0.124 0.432 5.000
0.025 -0.152 0.138 5.883
0.514 0.356 0.300 20.431
-0.041 -0.078 -0.115 3.426
0.025 0.001 -0.543 5.908
-0.105 0.118 0.135 4.059
0.053 0.240 0.301 3.129
-0.226 0.326 0.243 5.750
0.190 0.051 -0.004 3.662
-0.353 0.033 0.146 2.008
0.105 0.109 0.144 4.148
0.008 -0.098 0.053 3.095
0.008 0.001 -0.581 4.571
0.114 -0.049 -0.674 6.083
-0.343 -0.079 0.058 5.135
-0.367 -0.079 0.366 3.107
0.090 -0.196 0.225 4.060
0.300 -0.286 0.177 9.501
0.150 -0.043 -0.068 4.158
0.130 -0.207 0.109 2.146
0.031 -0.073 -0.583 4.431
0.151 0.162 0.010 4.825
-0.373 0.080 0.370 2.297
-0.027 0.189 0.111 3.370
0.044 0.438 0.012 10.715
0.153 0.119 -0.038 2.700
-0.441 0.109 0.220 4.142
0.100 -0.170 0.229 3.113
-0.106 0.164 0.082 4.314
-0.018 0.104 0.198 4.792
0.052 0.026 -0.873 7.950
0.300 0.010 0.087 3.588
0.136 0.062 -0.030 2.193
0.443 -0.120 0.220 3.842
-0.112 0.188 0.344 1.344
0.080 -0.028 -0.222 4.945
-0.075 0.065 -0.645 7.735
0.408 -0.132 0.369 5.317
-0.098 -0.201 0.030 2.800
0.050 -0.018 -0.388 6.926
0.250 -0.113 0.189 1.944
-0.132 -0.294 0.315 1.652
0.023 0.053 -0.690 7.122
0.239 -0.102 0.162 2.107
-0.202 0.457 0.551 18.403
0.043 0.249 -0.032 4.069
0.303 0.105 0.282 3.240
-0.034 -0.160 0.108 7.509
-0.319 -0.124 0.442 2.685
0.015 0.032 0.087 4.661
-0.390 0.097 0.385 2.915
-0.026 -0.077 -0.870 11.915
0.007 0.001 -0.610 5.188
0.378 -0.080 0.327 2.792
0.033 0.002 -0.648 3.959
-0.117 0.263 0.341 2.681
0.321 0.091 0.307 5.015
0.366 -0.139 0.190 2.164
0.203 0.201 0.037 2.732
-0.331 0.052 0.328 2.418
0.050 -0.056 -0.629 3.618
-0.052 -0.026 -0.216 2.439
0.052 -0.024 -0.632 3.340
-0.223 0.510 0.328 20.606
-0.292 -0.092 0.282 2.711
-0.109 -0.046 -0.023 2.197
-0.462 0.137 0.273 4.625
-0.051 0.003 -0.864 8.679
0.039 -0.006 -0.517 7.460
-0.241 -0.097 0.371 2.883
-0.128 0.037 0.070 2.879
-0.087 -0.028 -0.071 5.038
-0.047 0.088 0.048 2.947
0.298 0.147 0.153 2.907
-0.210 -0.106 0.329 3.543
0.506 0.325 0.324 21.535
0.264 0.429 0.174 9.741
-0.146 0.199 0.278 3.523
-0.053 -0.020 0.014 4.744
-0.159 -0.046 -0.032 2.401
-0.266 -0.059 0.233 3.795
-0.081 0.228 0.140 3.373
0.158 -0.070 0.154 3.910
-0.058 -0.074 -0.811 7.345
0.382 -0.119 0.330 5.412
-0.072 -0.058 -0.054 3.186
-0.281 -0.076 0.251 2.910
-0.230 -0.164 -0.065 5.439
0.085 -0.104 -0.844 7.955
0.096 0.126 -0.087 3.588
-0.053 0.057 -0.023 1.529
-0.062 0.019 -0.648 2.686
-0.054 -0.331 0.299 4.971
0.054 -0.042 -0.595 2.792
0.294 0.419 0.175 8.310
-0.057 -0.016 -0.812 6.913
-0.065 -0.048 -0.290 7.289
-0.100 -0.043 0.219 11.143
0.377 0.210 0.223 3.890
-0.536 -0.415 0.029 27.474
-0.207 -0.314 0.146 6.278
0.045 0.101 -0.002 2.798
-0.354 -0.123 0.375 5.066
0.106 -0.069 -0.085 4.470
-0.006 -0.013 -0.037 2.522
0.042 -0.008 -0.265 2.644
0.497 0.298 0.314 13.109
-0.072 0.114 0.080 2.665
-0.184 0.442 0.523 16.683
0.281 0.060 0.243 5.338
-0.024 -0.080 -0.089 4.139
-0.319 -0.067 0.037 6.200
0.021 0.227 0.160 2.662
-0.137 0.245 0.412 2.404
0.296 0.139 0.294 2.983
0.101 -0.021 0.131 3.930
-0.158 0.410 0.296 5.552
0.090 0.021 -0.803 10.509
0.051 -0.053 -0.418 6.021
0.372 -0.102 0.307 2.473
0.117 -0.027 -0.649 5.504
0.182 0.344 0.459 5.685
-0.122 -0.356 0.318 2.950
-0.089 -0.084 -0.621 6.837
0.245 0.066 0.062 4.540
0.132 0.142 -0.000 3.157
-0.009 -0.060 -0.065 1.630
-0.386 0.047 0.216 4.168
0.104 -0.001 -0.648 5.843
0.120 -0.063 -0.627 5.148
-0.331 0.030 0.128 2.344
0.069 -0.167 0.182 3.502
-0.094 -0.063 0.198 4.748
0.269 -0.195 0.113 2.338
0.017 0.424 0.008 8.659
-0.061 -0.124 -0.698 5.599
-0.133 0.307 0.202 1.688
-0.075 0.064 -0.004 2.184
0.405 -0.113 0.347 5.687
-0.068 -0.030 -0.145 2.774
0.036 0.379 -0.005 6.878
0.328 -0.075 0.103 3.416
0.231 -0.028 0.029 2.206
-0.399 -0.064 0.414 4.620
0.214 0.043 0.024 4.689
0.233 0.242 0.074 3.436
-0.091 -0.314 0.271 3.257
0.171 0.053 0.018 5.123
0.154 -0.223 0.317 4.537
0.254 0.120 0.117 5.053
-0.010 -0.067 -0.444 5.329
-0.145 0.015 0.052 3.633
-0.268 -0.030 0.008 2.201
-0.046 -0.026 -0.301 4.575
-0.170 0.029 0.105 5.106
0.055 -0.037 -0.265 2.673
0.051 -0.020 -0.538 5.404
-0.054 -0.015 -0.843 6.835
0.113 -0.078 -0.678 7.081
0.019 -0.076 -0.441 4.266
-0.049 -0.027 -0.251 2.749
0.182 0.014 -0.005 2.140
0.226 0.116 0.059 4.494
-0.055 -0.052 -0.830 7.076
-0.310 0.075 0.135 4.083
-0.178 -0.338 0.138 5.483
-0.413 0.100 0.227 3.648
-0.114 -0.087 -0.087 4.009
-0.065 0.044 -0.739 5.794
-0.220 -0.043 0.168 3.695
0.082 -0.118 -0.648 6.947
0.242 -0.051 0.044 2.393
-0.048 -0.139 -0.644 5.546
0.086 -0.079 -0.832 10.621
-0.182 -0.014 0.131 6.927
-0.120 -0.203 0.200 4.466
-0.307 -0.212 -0.033 2.952
0.087 -0.088 -0.648 7.135
0.037 -0.004 -0.572 3.903
-0.098 -0.079 0.053 5.431
0.066 -0.042 -0.113 3.436
0.189 -0.015 0.228 4.737
0.013 -0.061 -0.047 1.192
0.056 -0.138 -0.656 11.184
-0.029 0.119 0.224 4.428
-0.141 -0.046 -0.109 3.965
0.060 0.037 -0.804 11.464
-0.313 0.047 0.153 2.063
0.050 -0.055 -0.388 6.590
0.025 -0.128 -0.690 12.660
0.350 -0.079 0.122 2.333
-0.044 0.059 -0.647 5.395
0.165 -0.032 -0.004 3.058
-0.074 -0.104 0.025 4.836
-0.013 -0.048 -0.038 3.327
0.200 0.018 0.019 3.667
0.060 -0.108 -0.827 9.707
0.031 0.034 0.059 5.161
-0.400 -0.088 0.094 3.767
0.049 -0.046 0.029 3.783
-0.680 -0.119 0.232 35.200
-0.176 0.033 0.036 2.394
-0.179 -0.350 0.389 4.802
-0.195 -0.044 0.011 1.948
0.281 -0.085 0.185 1.915
-0.331 -0.237 0.377 9.952
-0.010 -0.130 -0.648 9.240
0.077 0.055 0.075 4.051
0.253 0.382 0.512 11.102
0.004 -0.134 0.054 2.494
0.160 -0.086 -0.036 4.962
-0.370 -0.288 0.238 5.108
0.402 -0.105 0.165 2.896
-0.067 -0.017 -0.730 9.190
0.208 -0.068 0.015 6.422
-0.109 0.236 0.149 4.330
-0.110 0.132 0.160 4.961
0.031 0.219 -0.029 6.668
-0.204 0.421 0.527 12.002
0.198 0.265 0.361 4.133
0.055 0.033 -0.836 8.378
-0.457 -0.105 0.462 7.280
0.558 -0.179 0.534 12.693
0.160 0.285 0.399 2.634
-0.198 -0.041 -0.053 3.858
0.546 -0.149 0.501 8.321
0.130 -0.012 -0.057 3.146
-0.119 0.047 -0.002 2.656
-0.004 -0.128 -0.037 2.995
0.011 0.002 -0.465 4.351
0.038 -0.078 0.009 1.767
0.044 -0.118 0.006 2.186
-0.125 -0.092 -0.003 2.817
0.354 -0.079 0.295 1.841
0.243 -0.045 0.240 4.024
0.051 -0.054 -0.291 3.661
0.060 -0.136 0.159 3.867
0.208 -0.284 0.394 9.582
0.249 -0.335 0.448 15.121
0.223 0.140 0.083 3.920
0.267 -0.387 0.237 9.832
0.593 -0.174 0.331 5.292
-0.393 -0.084 0.395 2.776
-0.222 0.516 0.361 22.429
